156
0 0
1 0 1 0
1 0
0 0 1 0
2 0
0 0 1 0
3 0
0 0 1 0
4 0
0 0 1 0
5 0
0 0 1 0
6 0
0 0 1 0
7 0
0 0 1 0
8 0
0 0 1 0
9 0
0 0 1 0
10 0
0 0 1 0
11 0
0 0 1 0
12 0
0 0 1 0
13 0
0 0 1 0
14 0
0 0 1 0
15 0
0 0 1 0
16 0
0 0 1 0
17 0
0 0 1 0
18 0
0 0 1 0
19 0
0 0 1 0
20 0
0 0 1 0
21 0
0 0 1 0
22 0
0 0 1 0
23 0
0 0 1 0
24 0
0 0 1 0
25 0
0 0 1 0
26 0
0 0 1 0
27 0
0 0 1 0
28 0
0 0 1 0
29 0
0 0 1 0
30 0
0 0 1 0
31 0
0 0 1 0
32 0
0 0 1 0
33 0
0 0 1 0
34 0
0 0 1 0
35 0
0 0 1 0
36 0
0 0 1 0
37 0
0 0 1 0
38 0
0 0 1 0
39 0
0 1 1 0
40 0
1 0 0 0
79 0
0 1 0 0
80 0
1 0 0 0
119 0
0 1 0 0
120 0
1 0 0 0
159 0
0 1 0 0
160 0
1 0 0 0
199 0
0 1 0 0
200 0
1 0 0 0
239 0
0 1 0 0
240 0
1 0 0 0
279 0
0 1 0 0
280 0
1 0 0 0
319 0
0 1 0 0
320 0
1 0 0 0
359 0
0 1 0 0
360 0
1 0 0 0
399 0
0 1 0 0
400 0
1 0 0 0
439 0
0 1 0 0
440 0
1 0 0 0
479 0
0 1 0 0
480 0
1 0 0 0
519 0
0 1 0 0
520 0
1 0 0 0
559 0
0 1 0 0
560 0
1 0 0 0
599 0
0 1 0 0
600 0
1 0 0 0
639 0
0 1 0 0
640 0
1 0 0 0
679 0
0 1 0 0
680 0
1 0 0 0
719 0
0 1 0 0
720 0
1 0 0 0
759 0
0 1 0 0
760 0
1 0 0 0
799 0
0 1 0 0
800 1
1 0 0 0
839 1
0 1 0 0
840 1
1 0 0 0
879 1
0 1 0 0
880 1
1 0 0 0
919 1
0 1 0 0
920 1
1 0 0 0
959 1
0 1 0 0
960 1
1 0 0 0
999 1
0 1 0 0
1000 1
1 0 0 0
1039 1
0 1 0 0
1040 1
1 0 0 0
1079 1
0 1 0 0
1080 1
1 0 0 0
1119 1
0 1 0 0
1120 1
1 0 0 0
1159 1
0 1 0 0
1160 1
1 0 0 0
1199 1
0 1 0 0
1200 1
1 0 0 0
1239 1
0 1 0 0
1240 1
1 0 0 0
1279 1
0 1 0 0
1280 1
1 0 0 0
1319 1
0 1 0 0
1320 1
1 0 0 0
1359 1
0 1 0 0
1360 1
1 0 0 0
1399 1
0 1 0 0
1400 1
1 0 0 0
1439 1
0 1 0 0
1440 1
1 0 0 0
1479 1
0 1 0 0
1480 1
1 0 0 0
1519 1
0 1 0 0
1520 1
1 0 0 0
1559 1
0 1 0 0
1560 1
1 0 0 1
1561 1
0 0 0 1
1562 1
0 0 0 1
1563 1
0 0 0 1
1564 1
0 0 0 1
1565 1
0 0 0 1
1566 1
0 0 0 1
1567 1
0 0 0 1
1568 1
0 0 0 1
1569 1
0 0 0 1
1570 1
0 0 0 1
1571 1
0 0 0 1
1572 1
0 0 0 1
1573 1
0 0 0 1
1574 1
0 0 0 1
1575 1
0 0 0 1
1576 1
0 0 0 1
1577 1
0 0 0 1
1578 1
0 0 0 1
1579 1
0 0 0 1
1580 1
0 0 0 1
1581 1
0 0 0 1
1582 1
0 0 0 1
1583 1
0 0 0 1
1584 1
0 0 0 1
1585 1
0 0 0 1
1586 1
0 0 0 1
1587 1
0 0 0 1
1588 1
0 0 0 1
1589 1
0 0 0 1
1590 1
0 0 0 1
1591 1
0 0 0 1
1592 1
0 0 0 1
1593 1
0 0 0 1
1594 1
0 0 0 1
1595 1
0 0 0 1
1596 1
0 0 0 1
1597 1
0 0 0 1
1598 1
0 0 0 1
1599 1
0 1 0 1
