0
0 1 80 81 
-1 1 -1 40 
40 41 0 120 
0
2 3 82 83 
0 2 -1 41 
42 43 1 121 
0
4 5 84 85 
1 3 -1 42 
44 45 2 122 
0
6 7 86 87 
2 4 -1 43 
46 47 3 123 
0
8 9 88 89 
3 5 -1 44 
48 49 4 124 
0
10 11 90 91 
4 6 -1 45 
50 51 5 125 
0
12 13 92 93 
5 7 -1 46 
52 53 6 126 
0
14 15 94 95 
6 8 -1 47 
54 55 7 127 
0
16 17 96 97 
7 9 -1 48 
56 57 8 128 
0
18 19 98 99 
8 10 -1 49 
58 59 9 129 
0
20 21 100 101 
9 11 -1 50 
60 61 10 130 
0
22 23 102 103 
10 12 -1 51 
62 63 11 131 
0
24 25 104 105 
11 13 -1 52 
64 65 12 132 
0
26 27 106 107 
12 14 -1 53 
66 67 13 133 
0
28 29 108 109 
13 15 -1 54 
68 69 14 134 
0
30 31 110 111 
14 16 -1 55 
70 71 15 135 
0
32 33 112 113 
15 17 -1 56 
72 73 16 136 
0
34 35 114 115 
16 18 -1 57 
74 75 17 137 
0
36 37 116 117 
17 19 -1 58 
76 77 18 138 
0
38 39 118 119 
18 20 -1 59 
78 79 19 139 
0
40 41 120 121 
19 21 -1 60 
80 81 20 140 
0
42 43 122 123 
20 22 -1 61 
82 83 21 141 
0
44 45 124 125 
21 23 -1 62 
84 85 22 142 
0
46 47 126 127 
22 24 -1 63 
86 87 23 143 
0
48 49 128 129 
23 25 -1 64 
88 89 24 144 
0
50 51 130 131 
24 26 -1 65 
90 91 25 145 
0
52 53 132 133 
25 27 -1 66 
92 93 26 146 
0
54 55 134 135 
26 28 -1 67 
94 95 27 147 
0
56 57 136 137 
27 29 -1 68 
96 97 28 148 
0
58 59 138 139 
28 30 -1 69 
98 99 29 149 
0
60 61 140 141 
29 31 -1 70 
100 101 30 150 
0
62 63 142 143 
30 32 -1 71 
102 103 31 151 
0
64 65 144 145 
31 33 -1 72 
104 105 32 152 
0
66 67 146 147 
32 34 -1 73 
106 107 33 153 
0
68 69 148 149 
33 35 -1 74 
108 109 34 154 
0
70 71 150 151 
34 36 -1 75 
110 111 35 155 
0
72 73 152 153 
35 37 -1 76 
112 113 36 156 
0
74 75 154 155 
36 38 -1 77 
114 115 37 157 
0
76 77 156 157 
37 39 -1 78 
116 117 38 158 
0
78 79 158 159 
38 -1 -1 79 
118 119 39 159 
0
160 161 240 241 
-1 41 0 80 
200 201 160 280 
0
162 163 242 243 
40 42 1 81 
202 203 161 281 
0
164 165 244 245 
41 43 2 82 
204 205 162 282 
0
166 167 246 247 
42 44 3 83 
206 207 163 283 
0
168 169 248 249 
43 45 4 84 
208 209 164 284 
0
170 171 250 251 
44 46 5 85 
210 211 165 285 
0
172 173 252 253 
45 47 6 86 
212 213 166 286 
0
174 175 254 255 
46 48 7 87 
214 215 167 287 
0
176 177 256 257 
47 49 8 88 
216 217 168 288 
0
178 179 258 259 
48 50 9 89 
218 219 169 289 
0
180 181 260 261 
49 51 10 90 
220 221 170 290 
0
182 183 262 263 
50 52 11 91 
222 223 171 291 
0
184 185 264 265 
51 53 12 92 
224 225 172 292 
0
186 187 266 267 
52 54 13 93 
226 227 173 293 
0
188 189 268 269 
53 55 14 94 
228 229 174 294 
0
190 191 270 271 
54 56 15 95 
230 231 175 295 
0
192 193 272 273 
55 57 16 96 
232 233 176 296 
0
194 195 274 275 
56 58 17 97 
234 235 177 297 
0
196 197 276 277 
57 59 18 98 
236 237 178 298 
0
198 199 278 279 
58 60 19 99 
238 239 179 299 
0
200 201 280 281 
59 61 20 100 
240 241 180 300 
0
202 203 282 283 
60 62 21 101 
242 243 181 301 
0
204 205 284 285 
61 63 22 102 
244 245 182 302 
0
206 207 286 287 
62 64 23 103 
246 247 183 303 
0
208 209 288 289 
63 65 24 104 
248 249 184 304 
0
210 211 290 291 
64 66 25 105 
250 251 185 305 
0
212 213 292 293 
65 67 26 106 
252 253 186 306 
0
214 215 294 295 
66 68 27 107 
254 255 187 307 
0
216 217 296 297 
67 69 28 108 
256 257 188 308 
0
218 219 298 299 
68 70 29 109 
258 259 189 309 
0
220 221 300 301 
69 71 30 110 
260 261 190 310 
0
222 223 302 303 
70 72 31 111 
262 263 191 311 
0
224 225 304 305 
71 73 32 112 
264 265 192 312 
0
226 227 306 307 
72 74 33 113 
266 267 193 313 
0
228 229 308 309 
73 75 34 114 
268 269 194 314 
0
230 231 310 311 
74 76 35 115 
270 271 195 315 
0
232 233 312 313 
75 77 36 116 
272 273 196 316 
0
234 235 314 315 
76 78 37 117 
274 275 197 317 
0
236 237 316 317 
77 79 38 118 
276 277 198 318 
0
238 239 318 319 
78 -1 39 119 
278 279 199 319 
0
320 321 400 401 
-1 81 40 120 
360 361 320 440 
0
322 323 402 403 
80 82 41 121 
362 363 321 441 
0
324 325 404 405 
81 83 42 122 
364 365 322 442 
0
326 327 406 407 
82 84 43 123 
366 367 323 443 
0
328 329 408 409 
83 85 44 124 
368 369 324 444 
0
330 331 410 411 
84 86 45 125 
370 371 325 445 
0
332 333 412 413 
85 87 46 126 
372 373 326 446 
0
334 335 414 415 
86 88 47 127 
374 375 327 447 
0
336 337 416 417 
87 89 48 128 
376 377 328 448 
0
338 339 418 419 
88 90 49 129 
378 379 329 449 
0
340 341 420 421 
89 91 50 130 
380 381 330 450 
0
342 343 422 423 
90 92 51 131 
382 383 331 451 
0
344 345 424 425 
91 93 52 132 
384 385 332 452 
0
346 347 426 427 
92 94 53 133 
386 387 333 453 
0
348 349 428 429 
93 95 54 134 
388 389 334 454 
0
350 351 430 431 
94 96 55 135 
390 391 335 455 
0
352 353 432 433 
95 97 56 136 
392 393 336 456 
0
354 355 434 435 
96 98 57 137 
394 395 337 457 
0
356 357 436 437 
97 99 58 138 
396 397 338 458 
0
358 359 438 439 
98 100 59 139 
398 399 339 459 
0
360 361 440 441 
99 101 60 140 
400 401 340 460 
0
362 363 442 443 
100 102 61 141 
402 403 341 461 
0
364 365 444 445 
101 103 62 142 
404 405 342 462 
0
366 367 446 447 
102 104 63 143 
406 407 343 463 
0
368 369 448 449 
103 105 64 144 
408 409 344 464 
0
370 371 450 451 
104 106 65 145 
410 411 345 465 
0
372 373 452 453 
105 107 66 146 
412 413 346 466 
0
374 375 454 455 
106 108 67 147 
414 415 347 467 
0
376 377 456 457 
107 109 68 148 
416 417 348 468 
0
378 379 458 459 
108 110 69 149 
418 419 349 469 
0
380 381 460 461 
109 111 70 150 
420 421 350 470 
0
382 383 462 463 
110 112 71 151 
422 423 351 471 
0
384 385 464 465 
111 113 72 152 
424 425 352 472 
0
386 387 466 467 
112 114 73 153 
426 427 353 473 
0
388 389 468 469 
113 115 74 154 
428 429 354 474 
0
390 391 470 471 
114 116 75 155 
430 431 355 475 
0
392 393 472 473 
115 117 76 156 
432 433 356 476 
0
394 395 474 475 
116 118 77 157 
434 435 357 477 
0
396 397 476 477 
117 119 78 158 
436 437 358 478 
0
398 399 478 479 
118 -1 79 159 
438 439 359 479 
0
480 481 560 561 
-1 121 80 160 
520 521 480 600 
0
482 483 562 563 
120 122 81 161 
522 523 481 601 
0
484 485 564 565 
121 123 82 162 
524 525 482 602 
0
486 487 566 567 
122 124 83 163 
526 527 483 603 
0
488 489 568 569 
123 125 84 164 
528 529 484 604 
0
490 491 570 571 
124 126 85 165 
530 531 485 605 
0
492 493 572 573 
125 127 86 166 
532 533 486 606 
0
494 495 574 575 
126 128 87 167 
534 535 487 607 
0
496 497 576 577 
127 129 88 168 
536 537 488 608 
0
498 499 578 579 
128 130 89 169 
538 539 489 609 
0
500 501 580 581 
129 131 90 170 
540 541 490 610 
0
502 503 582 583 
130 132 91 171 
542 543 491 611 
0
504 505 584 585 
131 133 92 172 
544 545 492 612 
0
506 507 586 587 
132 134 93 173 
546 547 493 613 
0
508 509 588 589 
133 135 94 174 
548 549 494 614 
0
510 511 590 591 
134 136 95 175 
550 551 495 615 
0
512 513 592 593 
135 137 96 176 
552 553 496 616 
0
514 515 594 595 
136 138 97 177 
554 555 497 617 
0
516 517 596 597 
137 139 98 178 
556 557 498 618 
0
518 519 598 599 
138 140 99 179 
558 559 499 619 
0
520 521 600 601 
139 141 100 180 
560 561 500 620 
0
522 523 602 603 
140 142 101 181 
562 563 501 621 
0
524 525 604 605 
141 143 102 182 
564 565 502 622 
0
526 527 606 607 
142 144 103 183 
566 567 503 623 
0
528 529 608 609 
143 145 104 184 
568 569 504 624 
0
530 531 610 611 
144 146 105 185 
570 571 505 625 
0
532 533 612 613 
145 147 106 186 
572 573 506 626 
0
534 535 614 615 
146 148 107 187 
574 575 507 627 
0
536 537 616 617 
147 149 108 188 
576 577 508 628 
0
538 539 618 619 
148 150 109 189 
578 579 509 629 
0
540 541 620 621 
149 151 110 190 
580 581 510 630 
0
542 543 622 623 
150 152 111 191 
582 583 511 631 
0
544 545 624 625 
151 153 112 192 
584 585 512 632 
0
546 547 626 627 
152 154 113 193 
586 587 513 633 
0
548 549 628 629 
153 155 114 194 
588 589 514 634 
0
550 551 630 631 
154 156 115 195 
590 591 515 635 
0
552 553 632 633 
155 157 116 196 
592 593 516 636 
0
554 555 634 635 
156 158 117 197 
594 595 517 637 
0
556 557 636 637 
157 159 118 198 
596 597 518 638 
0
558 559 638 639 
158 -1 119 199 
598 599 519 639 
0
640 641 720 721 
-1 161 120 200 
680 681 640 760 
0
642 643 722 723 
160 162 121 201 
682 683 641 761 
0
644 645 724 725 
161 163 122 202 
684 685 642 762 
0
646 647 726 727 
162 164 123 203 
686 687 643 763 
0
648 649 728 729 
163 165 124 204 
688 689 644 764 
0
650 651 730 731 
164 166 125 205 
690 691 645 765 
0
652 653 732 733 
165 167 126 206 
692 693 646 766 
0
654 655 734 735 
166 168 127 207 
694 695 647 767 
0
656 657 736 737 
167 169 128 208 
696 697 648 768 
0
658 659 738 739 
168 170 129 209 
698 699 649 769 
0
660 661 740 741 
169 171 130 210 
700 701 650 770 
0
662 663 742 743 
170 172 131 211 
702 703 651 771 
0
664 665 744 745 
171 173 132 212 
704 705 652 772 
0
666 667 746 747 
172 174 133 213 
706 707 653 773 
0
668 669 748 749 
173 175 134 214 
708 709 654 774 
0
670 671 750 751 
174 176 135 215 
710 711 655 775 
0
672 673 752 753 
175 177 136 216 
712 713 656 776 
0
674 675 754 755 
176 178 137 217 
714 715 657 777 
0
676 677 756 757 
177 179 138 218 
716 717 658 778 
0
678 679 758 759 
178 180 139 219 
718 719 659 779 
0
680 681 760 761 
179 181 140 220 
720 721 660 780 
0
682 683 762 763 
180 182 141 221 
722 723 661 781 
0
684 685 764 765 
181 183 142 222 
724 725 662 782 
0
686 687 766 767 
182 184 143 223 
726 727 663 783 
0
688 689 768 769 
183 185 144 224 
728 729 664 784 
0
690 691 770 771 
184 186 145 225 
730 731 665 785 
0
692 693 772 773 
185 187 146 226 
732 733 666 786 
0
694 695 774 775 
186 188 147 227 
734 735 667 787 
0
696 697 776 777 
187 189 148 228 
736 737 668 788 
0
698 699 778 779 
188 190 149 229 
738 739 669 789 
0
700 701 780 781 
189 191 150 230 
740 741 670 790 
0
702 703 782 783 
190 192 151 231 
742 743 671 791 
0
704 705 784 785 
191 193 152 232 
744 745 672 792 
0
706 707 786 787 
192 194 153 233 
746 747 673 793 
0
708 709 788 789 
193 195 154 234 
748 749 674 794 
0
710 711 790 791 
194 196 155 235 
750 751 675 795 
0
712 713 792 793 
195 197 156 236 
752 753 676 796 
0
714 715 794 795 
196 198 157 237 
754 755 677 797 
0
716 717 796 797 
197 199 158 238 
756 757 678 798 
0
718 719 798 799 
198 -1 159 239 
758 759 679 799 
0
800 801 880 881 
-1 201 160 240 
840 841 800 920 
0
802 803 882 883 
200 202 161 241 
842 843 801 921 
0
804 805 884 885 
201 203 162 242 
844 845 802 922 
0
806 807 886 887 
202 204 163 243 
846 847 803 923 
0
808 809 888 889 
203 205 164 244 
848 849 804 924 
0
810 811 890 891 
204 206 165 245 
850 851 805 925 
0
812 813 892 893 
205 207 166 246 
852 853 806 926 
0
814 815 894 895 
206 208 167 247 
854 855 807 927 
0
816 817 896 897 
207 209 168 248 
856 857 808 928 
0
818 819 898 899 
208 210 169 249 
858 859 809 929 
0
820 821 900 901 
209 211 170 250 
860 861 810 930 
0
822 823 902 903 
210 212 171 251 
862 863 811 931 
0
824 825 904 905 
211 213 172 252 
864 865 812 932 
0
826 827 906 907 
212 214 173 253 
866 867 813 933 
0
828 829 908 909 
213 215 174 254 
868 869 814 934 
0
830 831 910 911 
214 216 175 255 
870 871 815 935 
0
832 833 912 913 
215 217 176 256 
872 873 816 936 
0
834 835 914 915 
216 218 177 257 
874 875 817 937 
0
836 837 916 917 
217 219 178 258 
876 877 818 938 
0
838 839 918 919 
218 220 179 259 
878 879 819 939 
0
840 841 920 921 
219 221 180 260 
880 881 820 940 
0
842 843 922 923 
220 222 181 261 
882 883 821 941 
0
844 845 924 925 
221 223 182 262 
884 885 822 942 
0
846 847 926 927 
222 224 183 263 
886 887 823 943 
0
848 849 928 929 
223 225 184 264 
888 889 824 944 
0
850 851 930 931 
224 226 185 265 
890 891 825 945 
0
852 853 932 933 
225 227 186 266 
892 893 826 946 
0
854 855 934 935 
226 228 187 267 
894 895 827 947 
0
856 857 936 937 
227 229 188 268 
896 897 828 948 
0
858 859 938 939 
228 230 189 269 
898 899 829 949 
0
860 861 940 941 
229 231 190 270 
900 901 830 950 
0
862 863 942 943 
230 232 191 271 
902 903 831 951 
0
864 865 944 945 
231 233 192 272 
904 905 832 952 
0
866 867 946 947 
232 234 193 273 
906 907 833 953 
0
868 869 948 949 
233 235 194 274 
908 909 834 954 
0
870 871 950 951 
234 236 195 275 
910 911 835 955 
0
872 873 952 953 
235 237 196 276 
912 913 836 956 
0
874 875 954 955 
236 238 197 277 
914 915 837 957 
0
876 877 956 957 
237 239 198 278 
916 917 838 958 
0
878 879 958 959 
238 -1 199 279 
918 919 839 959 
0
960 961 1040 1041 
-1 241 200 280 
1000 1001 960 1080 
0
962 963 1042 1043 
240 242 201 281 
1002 1003 961 1081 
0
964 965 1044 1045 
241 243 202 282 
1004 1005 962 1082 
0
966 967 1046 1047 
242 244 203 283 
1006 1007 963 1083 
0
968 969 1048 1049 
243 245 204 284 
1008 1009 964 1084 
0
970 971 1050 1051 
244 246 205 285 
1010 1011 965 1085 
0
972 973 1052 1053 
245 247 206 286 
1012 1013 966 1086 
0
974 975 1054 1055 
246 248 207 287 
1014 1015 967 1087 
0
976 977 1056 1057 
247 249 208 288 
1016 1017 968 1088 
0
978 979 1058 1059 
248 250 209 289 
1018 1019 969 1089 
0
980 981 1060 1061 
249 251 210 290 
1020 1021 970 1090 
0
982 983 1062 1063 
250 252 211 291 
1022 1023 971 1091 
0
984 985 1064 1065 
251 253 212 292 
1024 1025 972 1092 
0
986 987 1066 1067 
252 254 213 293 
1026 1027 973 1093 
0
988 989 1068 1069 
253 255 214 294 
1028 1029 974 1094 
0
990 991 1070 1071 
254 256 215 295 
1030 1031 975 1095 
0
992 993 1072 1073 
255 257 216 296 
1032 1033 976 1096 
0
994 995 1074 1075 
256 258 217 297 
1034 1035 977 1097 
0
996 997 1076 1077 
257 259 218 298 
1036 1037 978 1098 
0
998 999 1078 1079 
258 260 219 299 
1038 1039 979 1099 
0
1000 1001 1080 1081 
259 261 220 300 
1040 1041 980 1100 
0
1002 1003 1082 1083 
260 262 221 301 
1042 1043 981 1101 
0
1004 1005 1084 1085 
261 263 222 302 
1044 1045 982 1102 
0
1006 1007 1086 1087 
262 264 223 303 
1046 1047 983 1103 
0
1008 1009 1088 1089 
263 265 224 304 
1048 1049 984 1104 
0
1010 1011 1090 1091 
264 266 225 305 
1050 1051 985 1105 
0
1012 1013 1092 1093 
265 267 226 306 
1052 1053 986 1106 
0
1014 1015 1094 1095 
266 268 227 307 
1054 1055 987 1107 
0
1016 1017 1096 1097 
267 269 228 308 
1056 1057 988 1108 
0
1018 1019 1098 1099 
268 270 229 309 
1058 1059 989 1109 
0
1020 1021 1100 1101 
269 271 230 310 
1060 1061 990 1110 
0
1022 1023 1102 1103 
270 272 231 311 
1062 1063 991 1111 
0
1024 1025 1104 1105 
271 273 232 312 
1064 1065 992 1112 
0
1026 1027 1106 1107 
272 274 233 313 
1066 1067 993 1113 
0
1028 1029 1108 1109 
273 275 234 314 
1068 1069 994 1114 
0
1030 1031 1110 1111 
274 276 235 315 
1070 1071 995 1115 
0
1032 1033 1112 1113 
275 277 236 316 
1072 1073 996 1116 
0
1034 1035 1114 1115 
276 278 237 317 
1074 1075 997 1117 
0
1036 1037 1116 1117 
277 279 238 318 
1076 1077 998 1118 
0
1038 1039 1118 1119 
278 -1 239 319 
1078 1079 999 1119 
0
1120 1121 1200 1201 
-1 281 240 320 
1160 1161 1120 1240 
0
1122 1123 1202 1203 
280 282 241 321 
1162 1163 1121 1241 
0
1124 1125 1204 1205 
281 283 242 322 
1164 1165 1122 1242 
0
1126 1127 1206 1207 
282 284 243 323 
1166 1167 1123 1243 
0
1128 1129 1208 1209 
283 285 244 324 
1168 1169 1124 1244 
0
1130 1131 1210 1211 
284 286 245 325 
1170 1171 1125 1245 
0
1132 1133 1212 1213 
285 287 246 326 
1172 1173 1126 1246 
0
1134 1135 1214 1215 
286 288 247 327 
1174 1175 1127 1247 
0
1136 1137 1216 1217 
287 289 248 328 
1176 1177 1128 1248 
0
1138 1139 1218 1219 
288 290 249 329 
1178 1179 1129 1249 
0
1140 1141 1220 1221 
289 291 250 330 
1180 1181 1130 1250 
0
1142 1143 1222 1223 
290 292 251 331 
1182 1183 1131 1251 
0
1144 1145 1224 1225 
291 293 252 332 
1184 1185 1132 1252 
0
1146 1147 1226 1227 
292 294 253 333 
1186 1187 1133 1253 
0
1148 1149 1228 1229 
293 295 254 334 
1188 1189 1134 1254 
0
1150 1151 1230 1231 
294 296 255 335 
1190 1191 1135 1255 
0
1152 1153 1232 1233 
295 297 256 336 
1192 1193 1136 1256 
0
1154 1155 1234 1235 
296 298 257 337 
1194 1195 1137 1257 
0
1156 1157 1236 1237 
297 299 258 338 
1196 1197 1138 1258 
0
1158 1159 1238 1239 
298 300 259 339 
1198 1199 1139 1259 
0
1160 1161 1240 1241 
299 301 260 340 
1200 1201 1140 1260 
0
1162 1163 1242 1243 
300 302 261 341 
1202 1203 1141 1261 
0
1164 1165 1244 1245 
301 303 262 342 
1204 1205 1142 1262 
0
1166 1167 1246 1247 
302 304 263 343 
1206 1207 1143 1263 
0
1168 1169 1248 1249 
303 305 264 344 
1208 1209 1144 1264 
0
1170 1171 1250 1251 
304 306 265 345 
1210 1211 1145 1265 
0
1172 1173 1252 1253 
305 307 266 346 
1212 1213 1146 1266 
0
1174 1175 1254 1255 
306 308 267 347 
1214 1215 1147 1267 
0
1176 1177 1256 1257 
307 309 268 348 
1216 1217 1148 1268 
0
1178 1179 1258 1259 
308 310 269 349 
1218 1219 1149 1269 
0
1180 1181 1260 1261 
309 311 270 350 
1220 1221 1150 1270 
0
1182 1183 1262 1263 
310 312 271 351 
1222 1223 1151 1271 
0
1184 1185 1264 1265 
311 313 272 352 
1224 1225 1152 1272 
0
1186 1187 1266 1267 
312 314 273 353 
1226 1227 1153 1273 
0
1188 1189 1268 1269 
313 315 274 354 
1228 1229 1154 1274 
0
1190 1191 1270 1271 
314 316 275 355 
1230 1231 1155 1275 
0
1192 1193 1272 1273 
315 317 276 356 
1232 1233 1156 1276 
0
1194 1195 1274 1275 
316 318 277 357 
1234 1235 1157 1277 
0
1196 1197 1276 1277 
317 319 278 358 
1236 1237 1158 1278 
0
1198 1199 1278 1279 
318 -1 279 359 
1238 1239 1159 1279 
0
1280 1281 1360 1361 
-1 321 280 360 
1320 1321 1280 1400 
0
1282 1283 1362 1363 
320 322 281 361 
1322 1323 1281 1401 
0
1284 1285 1364 1365 
321 323 282 362 
1324 1325 1282 1402 
0
1286 1287 1366 1367 
322 324 283 363 
1326 1327 1283 1403 
0
1288 1289 1368 1369 
323 325 284 364 
1328 1329 1284 1404 
0
1290 1291 1370 1371 
324 326 285 365 
1330 1331 1285 1405 
0
1292 1293 1372 1373 
325 327 286 366 
1332 1333 1286 1406 
0
1294 1295 1374 1375 
326 328 287 367 
1334 1335 1287 1407 
0
1296 1297 1376 1377 
327 329 288 368 
1336 1337 1288 1408 
0
1298 1299 1378 1379 
328 330 289 369 
1338 1339 1289 1409 
0
1300 1301 1380 1381 
329 331 290 370 
1340 1341 1290 1410 
0
1302 1303 1382 1383 
330 332 291 371 
1342 1343 1291 1411 
0
1304 1305 1384 1385 
331 333 292 372 
1344 1345 1292 1412 
0
1306 1307 1386 1387 
332 334 293 373 
1346 1347 1293 1413 
0
1308 1309 1388 1389 
333 335 294 374 
1348 1349 1294 1414 
0
1310 1311 1390 1391 
334 336 295 375 
1350 1351 1295 1415 
0
1312 1313 1392 1393 
335 337 296 376 
1352 1353 1296 1416 
0
1314 1315 1394 1395 
336 338 297 377 
1354 1355 1297 1417 
0
1316 1317 1396 1397 
337 339 298 378 
1356 1357 1298 1418 
0
1318 1319 1398 1399 
338 340 299 379 
1358 1359 1299 1419 
0
1320 1321 1400 1401 
339 341 300 380 
1360 1361 1300 1420 
0
1322 1323 1402 1403 
340 342 301 381 
1362 1363 1301 1421 
0
1324 1325 1404 1405 
341 343 302 382 
1364 1365 1302 1422 
0
1326 1327 1406 1407 
342 344 303 383 
1366 1367 1303 1423 
0
1328 1329 1408 1409 
343 345 304 384 
1368 1369 1304 1424 
0
1330 1331 1410 1411 
344 346 305 385 
1370 1371 1305 1425 
0
1332 1333 1412 1413 
345 347 306 386 
1372 1373 1306 1426 
0
1334 1335 1414 1415 
346 348 307 387 
1374 1375 1307 1427 
0
1336 1337 1416 1417 
347 349 308 388 
1376 1377 1308 1428 
0
1338 1339 1418 1419 
348 350 309 389 
1378 1379 1309 1429 
0
1340 1341 1420 1421 
349 351 310 390 
1380 1381 1310 1430 
0
1342 1343 1422 1423 
350 352 311 391 
1382 1383 1311 1431 
0
1344 1345 1424 1425 
351 353 312 392 
1384 1385 1312 1432 
0
1346 1347 1426 1427 
352 354 313 393 
1386 1387 1313 1433 
0
1348 1349 1428 1429 
353 355 314 394 
1388 1389 1314 1434 
0
1350 1351 1430 1431 
354 356 315 395 
1390 1391 1315 1435 
0
1352 1353 1432 1433 
355 357 316 396 
1392 1393 1316 1436 
0
1354 1355 1434 1435 
356 358 317 397 
1394 1395 1317 1437 
0
1356 1357 1436 1437 
357 359 318 398 
1396 1397 1318 1438 
0
1358 1359 1438 1439 
358 -1 319 399 
1398 1399 1319 1439 
0
1440 1441 1520 1521 
-1 361 320 400 
1480 1481 1440 1560 
0
1442 1443 1522 1523 
360 362 321 401 
1482 1483 1441 1561 
0
1444 1445 1524 1525 
361 363 322 402 
1484 1485 1442 1562 
0
1446 1447 1526 1527 
362 364 323 403 
1486 1487 1443 1563 
0
1448 1449 1528 1529 
363 365 324 404 
1488 1489 1444 1564 
0
1450 1451 1530 1531 
364 366 325 405 
1490 1491 1445 1565 
0
1452 1453 1532 1533 
365 367 326 406 
1492 1493 1446 1566 
0
1454 1455 1534 1535 
366 368 327 407 
1494 1495 1447 1567 
0
1456 1457 1536 1537 
367 369 328 408 
1496 1497 1448 1568 
0
1458 1459 1538 1539 
368 370 329 409 
1498 1499 1449 1569 
0
1460 1461 1540 1541 
369 371 330 410 
1500 1501 1450 1570 
0
1462 1463 1542 1543 
370 372 331 411 
1502 1503 1451 1571 
0
1464 1465 1544 1545 
371 373 332 412 
1504 1505 1452 1572 
0
1466 1467 1546 1547 
372 374 333 413 
1506 1507 1453 1573 
0
1468 1469 1548 1549 
373 375 334 414 
1508 1509 1454 1574 
0
1470 1471 1550 1551 
374 376 335 415 
1510 1511 1455 1575 
0
1472 1473 1552 1553 
375 377 336 416 
1512 1513 1456 1576 
0
1474 1475 1554 1555 
376 378 337 417 
1514 1515 1457 1577 
0
1476 1477 1556 1557 
377 379 338 418 
1516 1517 1458 1578 
0
1478 1479 1558 1559 
378 380 339 419 
1518 1519 1459 1579 
0
1480 1481 1560 1561 
379 381 340 420 
1520 1521 1460 1580 
0
1482 1483 1562 1563 
380 382 341 421 
1522 1523 1461 1581 
0
1484 1485 1564 1565 
381 383 342 422 
1524 1525 1462 1582 
0
1486 1487 1566 1567 
382 384 343 423 
1526 1527 1463 1583 
0
1488 1489 1568 1569 
383 385 344 424 
1528 1529 1464 1584 
0
1490 1491 1570 1571 
384 386 345 425 
1530 1531 1465 1585 
0
1492 1493 1572 1573 
385 387 346 426 
1532 1533 1466 1586 
0
1494 1495 1574 1575 
386 388 347 427 
1534 1535 1467 1587 
0
1496 1497 1576 1577 
387 389 348 428 
1536 1537 1468 1588 
0
1498 1499 1578 1579 
388 390 349 429 
1538 1539 1469 1589 
0
1500 1501 1580 1581 
389 391 350 430 
1540 1541 1470 1590 
0
1502 1503 1582 1583 
390 392 351 431 
1542 1543 1471 1591 
0
1504 1505 1584 1585 
391 393 352 432 
1544 1545 1472 1592 
0
1506 1507 1586 1587 
392 394 353 433 
1546 1547 1473 1593 
0
1508 1509 1588 1589 
393 395 354 434 
1548 1549 1474 1594 
0
1510 1511 1590 1591 
394 396 355 435 
1550 1551 1475 1595 
0
1512 1513 1592 1593 
395 397 356 436 
1552 1553 1476 1596 
0
1514 1515 1594 1595 
396 398 357 437 
1554 1555 1477 1597 
0
1516 1517 1596 1597 
397 399 358 438 
1556 1557 1478 1598 
0
1518 1519 1598 1599 
398 -1 359 439 
1558 1559 1479 1599 
0
1600 1601 1680 1681 
-1 401 360 440 
1640 1641 1600 1720 
0
1602 1603 1682 1683 
400 402 361 441 
1642 1643 1601 1721 
0
1604 1605 1684 1685 
401 403 362 442 
1644 1645 1602 1722 
0
1606 1607 1686 1687 
402 404 363 443 
1646 1647 1603 1723 
0
1608 1609 1688 1689 
403 405 364 444 
1648 1649 1604 1724 
0
1610 1611 1690 1691 
404 406 365 445 
1650 1651 1605 1725 
0
1612 1613 1692 1693 
405 407 366 446 
1652 1653 1606 1726 
0
1614 1615 1694 1695 
406 408 367 447 
1654 1655 1607 1727 
0
1616 1617 1696 1697 
407 409 368 448 
1656 1657 1608 1728 
0
1618 1619 1698 1699 
408 410 369 449 
1658 1659 1609 1729 
0
1620 1621 1700 1701 
409 411 370 450 
1660 1661 1610 1730 
0
1622 1623 1702 1703 
410 412 371 451 
1662 1663 1611 1731 
0
1624 1625 1704 1705 
411 413 372 452 
1664 1665 1612 1732 
0
1626 1627 1706 1707 
412 414 373 453 
1666 1667 1613 1733 
0
1628 1629 1708 1709 
413 415 374 454 
1668 1669 1614 1734 
0
1630 1631 1710 1711 
414 416 375 455 
1670 1671 1615 1735 
0
1632 1633 1712 1713 
415 417 376 456 
1672 1673 1616 1736 
0
1634 1635 1714 1715 
416 418 377 457 
1674 1675 1617 1737 
0
1636 1637 1716 1717 
417 419 378 458 
1676 1677 1618 1738 
0
1638 1639 1718 1719 
418 420 379 459 
1678 1679 1619 1739 
0
1640 1641 1720 1721 
419 421 380 460 
1680 1681 1620 1740 
0
1642 1643 1722 1723 
420 422 381 461 
1682 1683 1621 1741 
0
1644 1645 1724 1725 
421 423 382 462 
1684 1685 1622 1742 
0
1646 1647 1726 1727 
422 424 383 463 
1686 1687 1623 1743 
0
1648 1649 1728 1729 
423 425 384 464 
1688 1689 1624 1744 
0
1650 1651 1730 1731 
424 426 385 465 
1690 1691 1625 1745 
0
1652 1653 1732 1733 
425 427 386 466 
1692 1693 1626 1746 
0
1654 1655 1734 1735 
426 428 387 467 
1694 1695 1627 1747 
0
1656 1657 1736 1737 
427 429 388 468 
1696 1697 1628 1748 
0
1658 1659 1738 1739 
428 430 389 469 
1698 1699 1629 1749 
0
1660 1661 1740 1741 
429 431 390 470 
1700 1701 1630 1750 
0
1662 1663 1742 1743 
430 432 391 471 
1702 1703 1631 1751 
0
1664 1665 1744 1745 
431 433 392 472 
1704 1705 1632 1752 
0
1666 1667 1746 1747 
432 434 393 473 
1706 1707 1633 1753 
0
1668 1669 1748 1749 
433 435 394 474 
1708 1709 1634 1754 
0
1670 1671 1750 1751 
434 436 395 475 
1710 1711 1635 1755 
0
1672 1673 1752 1753 
435 437 396 476 
1712 1713 1636 1756 
0
1674 1675 1754 1755 
436 438 397 477 
1714 1715 1637 1757 
0
1676 1677 1756 1757 
437 439 398 478 
1716 1717 1638 1758 
0
1678 1679 1758 1759 
438 -1 399 479 
1718 1719 1639 1759 
0
1760 1761 1840 1841 
-1 441 400 480 
1800 1801 1760 1880 
0
1762 1763 1842 1843 
440 442 401 481 
1802 1803 1761 1881 
0
1764 1765 1844 1845 
441 443 402 482 
1804 1805 1762 1882 
0
1766 1767 1846 1847 
442 444 403 483 
1806 1807 1763 1883 
0
1768 1769 1848 1849 
443 445 404 484 
1808 1809 1764 1884 
0
1770 1771 1850 1851 
444 446 405 485 
1810 1811 1765 1885 
0
1772 1773 1852 1853 
445 447 406 486 
1812 1813 1766 1886 
0
1774 1775 1854 1855 
446 448 407 487 
1814 1815 1767 1887 
0
1776 1777 1856 1857 
447 449 408 488 
1816 1817 1768 1888 
0
1778 1779 1858 1859 
448 450 409 489 
1818 1819 1769 1889 
0
1780 1781 1860 1861 
449 451 410 490 
1820 1821 1770 1890 
0
1782 1783 1862 1863 
450 452 411 491 
1822 1823 1771 1891 
0
1784 1785 1864 1865 
451 453 412 492 
1824 1825 1772 1892 
0
1786 1787 1866 1867 
452 454 413 493 
1826 1827 1773 1893 
0
1788 1789 1868 1869 
453 455 414 494 
1828 1829 1774 1894 
0
1790 1791 1870 1871 
454 456 415 495 
1830 1831 1775 1895 
0
1792 1793 1872 1873 
455 457 416 496 
1832 1833 1776 1896 
0
1794 1795 1874 1875 
456 458 417 497 
1834 1835 1777 1897 
0
1796 1797 1876 1877 
457 459 418 498 
1836 1837 1778 1898 
0
1798 1799 1878 1879 
458 460 419 499 
1838 1839 1779 1899 
0
1800 1801 1880 1881 
459 461 420 500 
1840 1841 1780 1900 
0
1802 1803 1882 1883 
460 462 421 501 
1842 1843 1781 1901 
0
1804 1805 1884 1885 
461 463 422 502 
1844 1845 1782 1902 
0
1806 1807 1886 1887 
462 464 423 503 
1846 1847 1783 1903 
0
1808 1809 1888 1889 
463 465 424 504 
1848 1849 1784 1904 
0
1810 1811 1890 1891 
464 466 425 505 
1850 1851 1785 1905 
0
1812 1813 1892 1893 
465 467 426 506 
1852 1853 1786 1906 
0
1814 1815 1894 1895 
466 468 427 507 
1854 1855 1787 1907 
0
1816 1817 1896 1897 
467 469 428 508 
1856 1857 1788 1908 
0
1818 1819 1898 1899 
468 470 429 509 
1858 1859 1789 1909 
0
1820 1821 1900 1901 
469 471 430 510 
1860 1861 1790 1910 
0
1822 1823 1902 1903 
470 472 431 511 
1862 1863 1791 1911 
0
1824 1825 1904 1905 
471 473 432 512 
1864 1865 1792 1912 
0
1826 1827 1906 1907 
472 474 433 513 
1866 1867 1793 1913 
0
1828 1829 1908 1909 
473 475 434 514 
1868 1869 1794 1914 
0
1830 1831 1910 1911 
474 476 435 515 
1870 1871 1795 1915 
0
1832 1833 1912 1913 
475 477 436 516 
1872 1873 1796 1916 
0
1834 1835 1914 1915 
476 478 437 517 
1874 1875 1797 1917 
0
1836 1837 1916 1917 
477 479 438 518 
1876 1877 1798 1918 
0
1838 1839 1918 1919 
478 -1 439 519 
1878 1879 1799 1919 
0
1920 1921 2000 2001 
-1 481 440 520 
1960 1961 1920 2040 
0
1922 1923 2002 2003 
480 482 441 521 
1962 1963 1921 2041 
0
1924 1925 2004 2005 
481 483 442 522 
1964 1965 1922 2042 
0
1926 1927 2006 2007 
482 484 443 523 
1966 1967 1923 2043 
0
1928 1929 2008 2009 
483 485 444 524 
1968 1969 1924 2044 
0
1930 1931 2010 2011 
484 486 445 525 
1970 1971 1925 2045 
0
1932 1933 2012 2013 
485 487 446 526 
1972 1973 1926 2046 
0
1934 1935 2014 2015 
486 488 447 527 
1974 1975 1927 2047 
0
1936 1937 2016 2017 
487 489 448 528 
1976 1977 1928 2048 
0
1938 1939 2018 2019 
488 490 449 529 
1978 1979 1929 2049 
0
1940 1941 2020 2021 
489 491 450 530 
1980 1981 1930 2050 
0
1942 1943 2022 2023 
490 492 451 531 
1982 1983 1931 2051 
0
1944 1945 2024 2025 
491 493 452 532 
1984 1985 1932 2052 
0
1946 1947 2026 2027 
492 494 453 533 
1986 1987 1933 2053 
0
1948 1949 2028 2029 
493 495 454 534 
1988 1989 1934 2054 
0
1950 1951 2030 2031 
494 496 455 535 
1990 1991 1935 2055 
0
1952 1953 2032 2033 
495 497 456 536 
1992 1993 1936 2056 
0
1954 1955 2034 2035 
496 498 457 537 
1994 1995 1937 2057 
0
1956 1957 2036 2037 
497 499 458 538 
1996 1997 1938 2058 
0
1958 1959 2038 2039 
498 500 459 539 
1998 1999 1939 2059 
0
1960 1961 2040 2041 
499 501 460 540 
2000 2001 1940 2060 
0
1962 1963 2042 2043 
500 502 461 541 
2002 2003 1941 2061 
0
1964 1965 2044 2045 
501 503 462 542 
2004 2005 1942 2062 
0
1966 1967 2046 2047 
502 504 463 543 
2006 2007 1943 2063 
0
1968 1969 2048 2049 
503 505 464 544 
2008 2009 1944 2064 
0
1970 1971 2050 2051 
504 506 465 545 
2010 2011 1945 2065 
0
1972 1973 2052 2053 
505 507 466 546 
2012 2013 1946 2066 
0
1974 1975 2054 2055 
506 508 467 547 
2014 2015 1947 2067 
0
1976 1977 2056 2057 
507 509 468 548 
2016 2017 1948 2068 
0
1978 1979 2058 2059 
508 510 469 549 
2018 2019 1949 2069 
0
1980 1981 2060 2061 
509 511 470 550 
2020 2021 1950 2070 
0
1982 1983 2062 2063 
510 512 471 551 
2022 2023 1951 2071 
0
1984 1985 2064 2065 
511 513 472 552 
2024 2025 1952 2072 
0
1986 1987 2066 2067 
512 514 473 553 
2026 2027 1953 2073 
0
1988 1989 2068 2069 
513 515 474 554 
2028 2029 1954 2074 
0
1990 1991 2070 2071 
514 516 475 555 
2030 2031 1955 2075 
0
1992 1993 2072 2073 
515 517 476 556 
2032 2033 1956 2076 
0
1994 1995 2074 2075 
516 518 477 557 
2034 2035 1957 2077 
0
1996 1997 2076 2077 
517 519 478 558 
2036 2037 1958 2078 
0
1998 1999 2078 2079 
518 -1 479 559 
2038 2039 1959 2079 
0
2080 2081 2160 2161 
-1 521 480 560 
2120 2121 2080 2200 
0
2082 2083 2162 2163 
520 522 481 561 
2122 2123 2081 2201 
0
2084 2085 2164 2165 
521 523 482 562 
2124 2125 2082 2202 
0
2086 2087 2166 2167 
522 524 483 563 
2126 2127 2083 2203 
0
2088 2089 2168 2169 
523 525 484 564 
2128 2129 2084 2204 
0
2090 2091 2170 2171 
524 526 485 565 
2130 2131 2085 2205 
0
2092 2093 2172 2173 
525 527 486 566 
2132 2133 2086 2206 
0
2094 2095 2174 2175 
526 528 487 567 
2134 2135 2087 2207 
0
2096 2097 2176 2177 
527 529 488 568 
2136 2137 2088 2208 
0
2098 2099 2178 2179 
528 530 489 569 
2138 2139 2089 2209 
0
2100 2101 2180 2181 
529 531 490 570 
2140 2141 2090 2210 
0
2102 2103 2182 2183 
530 532 491 571 
2142 2143 2091 2211 
0
2104 2105 2184 2185 
531 533 492 572 
2144 2145 2092 2212 
0
2106 2107 2186 2187 
532 534 493 573 
2146 2147 2093 2213 
0
2108 2109 2188 2189 
533 535 494 574 
2148 2149 2094 2214 
0
2110 2111 2190 2191 
534 536 495 575 
2150 2151 2095 2215 
0
2112 2113 2192 2193 
535 537 496 576 
2152 2153 2096 2216 
0
2114 2115 2194 2195 
536 538 497 577 
2154 2155 2097 2217 
0
2116 2117 2196 2197 
537 539 498 578 
2156 2157 2098 2218 
0
2118 2119 2198 2199 
538 540 499 579 
2158 2159 2099 2219 
0
2120 2121 2200 2201 
539 541 500 580 
2160 2161 2100 2220 
0
2122 2123 2202 2203 
540 542 501 581 
2162 2163 2101 2221 
0
2124 2125 2204 2205 
541 543 502 582 
2164 2165 2102 2222 
0
2126 2127 2206 2207 
542 544 503 583 
2166 2167 2103 2223 
0
2128 2129 2208 2209 
543 545 504 584 
2168 2169 2104 2224 
0
2130 2131 2210 2211 
544 546 505 585 
2170 2171 2105 2225 
0
2132 2133 2212 2213 
545 547 506 586 
2172 2173 2106 2226 
0
2134 2135 2214 2215 
546 548 507 587 
2174 2175 2107 2227 
0
2136 2137 2216 2217 
547 549 508 588 
2176 2177 2108 2228 
0
2138 2139 2218 2219 
548 550 509 589 
2178 2179 2109 2229 
0
2140 2141 2220 2221 
549 551 510 590 
2180 2181 2110 2230 
0
2142 2143 2222 2223 
550 552 511 591 
2182 2183 2111 2231 
0
2144 2145 2224 2225 
551 553 512 592 
2184 2185 2112 2232 
0
2146 2147 2226 2227 
552 554 513 593 
2186 2187 2113 2233 
0
2148 2149 2228 2229 
553 555 514 594 
2188 2189 2114 2234 
0
2150 2151 2230 2231 
554 556 515 595 
2190 2191 2115 2235 
0
2152 2153 2232 2233 
555 557 516 596 
2192 2193 2116 2236 
0
2154 2155 2234 2235 
556 558 517 597 
2194 2195 2117 2237 
0
2156 2157 2236 2237 
557 559 518 598 
2196 2197 2118 2238 
0
2158 2159 2238 2239 
558 -1 519 599 
2198 2199 2119 2239 
0
2240 2241 2320 2321 
-1 561 520 600 
2280 2281 2240 2360 
0
2242 2243 2322 2323 
560 562 521 601 
2282 2283 2241 2361 
0
2244 2245 2324 2325 
561 563 522 602 
2284 2285 2242 2362 
0
2246 2247 2326 2327 
562 564 523 603 
2286 2287 2243 2363 
0
2248 2249 2328 2329 
563 565 524 604 
2288 2289 2244 2364 
0
2250 2251 2330 2331 
564 566 525 605 
2290 2291 2245 2365 
0
2252 2253 2332 2333 
565 567 526 606 
2292 2293 2246 2366 
0
2254 2255 2334 2335 
566 568 527 607 
2294 2295 2247 2367 
0
2256 2257 2336 2337 
567 569 528 608 
2296 2297 2248 2368 
0
2258 2259 2338 2339 
568 570 529 609 
2298 2299 2249 2369 
0
2260 2261 2340 2341 
569 571 530 610 
2300 2301 2250 2370 
0
2262 2263 2342 2343 
570 572 531 611 
2302 2303 2251 2371 
0
2264 2265 2344 2345 
571 573 532 612 
2304 2305 2252 2372 
0
2266 2267 2346 2347 
572 574 533 613 
2306 2307 2253 2373 
0
2268 2269 2348 2349 
573 575 534 614 
2308 2309 2254 2374 
0
2270 2271 2350 2351 
574 576 535 615 
2310 2311 2255 2375 
0
2272 2273 2352 2353 
575 577 536 616 
2312 2313 2256 2376 
0
2274 2275 2354 2355 
576 578 537 617 
2314 2315 2257 2377 
0
2276 2277 2356 2357 
577 579 538 618 
2316 2317 2258 2378 
0
2278 2279 2358 2359 
578 580 539 619 
2318 2319 2259 2379 
0
2280 2281 2360 2361 
579 581 540 620 
2320 2321 2260 2380 
0
2282 2283 2362 2363 
580 582 541 621 
2322 2323 2261 2381 
0
2284 2285 2364 2365 
581 583 542 622 
2324 2325 2262 2382 
0
2286 2287 2366 2367 
582 584 543 623 
2326 2327 2263 2383 
0
2288 2289 2368 2369 
583 585 544 624 
2328 2329 2264 2384 
0
2290 2291 2370 2371 
584 586 545 625 
2330 2331 2265 2385 
0
2292 2293 2372 2373 
585 587 546 626 
2332 2333 2266 2386 
0
2294 2295 2374 2375 
586 588 547 627 
2334 2335 2267 2387 
0
2296 2297 2376 2377 
587 589 548 628 
2336 2337 2268 2388 
0
2298 2299 2378 2379 
588 590 549 629 
2338 2339 2269 2389 
0
2300 2301 2380 2381 
589 591 550 630 
2340 2341 2270 2390 
0
2302 2303 2382 2383 
590 592 551 631 
2342 2343 2271 2391 
0
2304 2305 2384 2385 
591 593 552 632 
2344 2345 2272 2392 
0
2306 2307 2386 2387 
592 594 553 633 
2346 2347 2273 2393 
0
2308 2309 2388 2389 
593 595 554 634 
2348 2349 2274 2394 
0
2310 2311 2390 2391 
594 596 555 635 
2350 2351 2275 2395 
0
2312 2313 2392 2393 
595 597 556 636 
2352 2353 2276 2396 
0
2314 2315 2394 2395 
596 598 557 637 
2354 2355 2277 2397 
0
2316 2317 2396 2397 
597 599 558 638 
2356 2357 2278 2398 
0
2318 2319 2398 2399 
598 -1 559 639 
2358 2359 2279 2399 
0
2400 2401 2480 2481 
-1 601 560 640 
2440 2441 2400 2520 
0
2402 2403 2482 2483 
600 602 561 641 
2442 2443 2401 2521 
0
2404 2405 2484 2485 
601 603 562 642 
2444 2445 2402 2522 
0
2406 2407 2486 2487 
602 604 563 643 
2446 2447 2403 2523 
0
2408 2409 2488 2489 
603 605 564 644 
2448 2449 2404 2524 
0
2410 2411 2490 2491 
604 606 565 645 
2450 2451 2405 2525 
0
2412 2413 2492 2493 
605 607 566 646 
2452 2453 2406 2526 
0
2414 2415 2494 2495 
606 608 567 647 
2454 2455 2407 2527 
0
2416 2417 2496 2497 
607 609 568 648 
2456 2457 2408 2528 
0
2418 2419 2498 2499 
608 610 569 649 
2458 2459 2409 2529 
0
2420 2421 2500 2501 
609 611 570 650 
2460 2461 2410 2530 
0
2422 2423 2502 2503 
610 612 571 651 
2462 2463 2411 2531 
0
2424 2425 2504 2505 
611 613 572 652 
2464 2465 2412 2532 
0
2426 2427 2506 2507 
612 614 573 653 
2466 2467 2413 2533 
0
2428 2429 2508 2509 
613 615 574 654 
2468 2469 2414 2534 
0
2430 2431 2510 2511 
614 616 575 655 
2470 2471 2415 2535 
0
2432 2433 2512 2513 
615 617 576 656 
2472 2473 2416 2536 
0
2434 2435 2514 2515 
616 618 577 657 
2474 2475 2417 2537 
0
2436 2437 2516 2517 
617 619 578 658 
2476 2477 2418 2538 
0
2438 2439 2518 2519 
618 620 579 659 
2478 2479 2419 2539 
0
2440 2441 2520 2521 
619 621 580 660 
2480 2481 2420 2540 
0
2442 2443 2522 2523 
620 622 581 661 
2482 2483 2421 2541 
0
2444 2445 2524 2525 
621 623 582 662 
2484 2485 2422 2542 
0
2446 2447 2526 2527 
622 624 583 663 
2486 2487 2423 2543 
0
2448 2449 2528 2529 
623 625 584 664 
2488 2489 2424 2544 
0
2450 2451 2530 2531 
624 626 585 665 
2490 2491 2425 2545 
0
2452 2453 2532 2533 
625 627 586 666 
2492 2493 2426 2546 
0
2454 2455 2534 2535 
626 628 587 667 
2494 2495 2427 2547 
0
2456 2457 2536 2537 
627 629 588 668 
2496 2497 2428 2548 
0
2458 2459 2538 2539 
628 630 589 669 
2498 2499 2429 2549 
0
2460 2461 2540 2541 
629 631 590 670 
2500 2501 2430 2550 
0
2462 2463 2542 2543 
630 632 591 671 
2502 2503 2431 2551 
0
2464 2465 2544 2545 
631 633 592 672 
2504 2505 2432 2552 
0
2466 2467 2546 2547 
632 634 593 673 
2506 2507 2433 2553 
0
2468 2469 2548 2549 
633 635 594 674 
2508 2509 2434 2554 
0
2470 2471 2550 2551 
634 636 595 675 
2510 2511 2435 2555 
0
2472 2473 2552 2553 
635 637 596 676 
2512 2513 2436 2556 
0
2474 2475 2554 2555 
636 638 597 677 
2514 2515 2437 2557 
0
2476 2477 2556 2557 
637 639 598 678 
2516 2517 2438 2558 
0
2478 2479 2558 2559 
638 -1 599 679 
2518 2519 2439 2559 
0
2560 2561 2640 2641 
-1 641 600 680 
2600 2601 2560 2680 
0
2562 2563 2642 2643 
640 642 601 681 
2602 2603 2561 2681 
0
2564 2565 2644 2645 
641 643 602 682 
2604 2605 2562 2682 
0
2566 2567 2646 2647 
642 644 603 683 
2606 2607 2563 2683 
0
2568 2569 2648 2649 
643 645 604 684 
2608 2609 2564 2684 
0
2570 2571 2650 2651 
644 646 605 685 
2610 2611 2565 2685 
0
2572 2573 2652 2653 
645 647 606 686 
2612 2613 2566 2686 
0
2574 2575 2654 2655 
646 648 607 687 
2614 2615 2567 2687 
0
2576 2577 2656 2657 
647 649 608 688 
2616 2617 2568 2688 
0
2578 2579 2658 2659 
648 650 609 689 
2618 2619 2569 2689 
0
2580 2581 2660 2661 
649 651 610 690 
2620 2621 2570 2690 
0
2582 2583 2662 2663 
650 652 611 691 
2622 2623 2571 2691 
0
2584 2585 2664 2665 
651 653 612 692 
2624 2625 2572 2692 
0
2586 2587 2666 2667 
652 654 613 693 
2626 2627 2573 2693 
0
2588 2589 2668 2669 
653 655 614 694 
2628 2629 2574 2694 
0
2590 2591 2670 2671 
654 656 615 695 
2630 2631 2575 2695 
0
2592 2593 2672 2673 
655 657 616 696 
2632 2633 2576 2696 
0
2594 2595 2674 2675 
656 658 617 697 
2634 2635 2577 2697 
0
2596 2597 2676 2677 
657 659 618 698 
2636 2637 2578 2698 
0
2598 2599 2678 2679 
658 660 619 699 
2638 2639 2579 2699 
0
2600 2601 2680 2681 
659 661 620 700 
2640 2641 2580 2700 
0
2602 2603 2682 2683 
660 662 621 701 
2642 2643 2581 2701 
0
2604 2605 2684 2685 
661 663 622 702 
2644 2645 2582 2702 
0
2606 2607 2686 2687 
662 664 623 703 
2646 2647 2583 2703 
0
2608 2609 2688 2689 
663 665 624 704 
2648 2649 2584 2704 
0
2610 2611 2690 2691 
664 666 625 705 
2650 2651 2585 2705 
0
2612 2613 2692 2693 
665 667 626 706 
2652 2653 2586 2706 
0
2614 2615 2694 2695 
666 668 627 707 
2654 2655 2587 2707 
0
2616 2617 2696 2697 
667 669 628 708 
2656 2657 2588 2708 
0
2618 2619 2698 2699 
668 670 629 709 
2658 2659 2589 2709 
0
2620 2621 2700 2701 
669 671 630 710 
2660 2661 2590 2710 
0
2622 2623 2702 2703 
670 672 631 711 
2662 2663 2591 2711 
0
2624 2625 2704 2705 
671 673 632 712 
2664 2665 2592 2712 
0
2626 2627 2706 2707 
672 674 633 713 
2666 2667 2593 2713 
0
2628 2629 2708 2709 
673 675 634 714 
2668 2669 2594 2714 
0
2630 2631 2710 2711 
674 676 635 715 
2670 2671 2595 2715 
0
2632 2633 2712 2713 
675 677 636 716 
2672 2673 2596 2716 
0
2634 2635 2714 2715 
676 678 637 717 
2674 2675 2597 2717 
0
2636 2637 2716 2717 
677 679 638 718 
2676 2677 2598 2718 
0
2638 2639 2718 2719 
678 -1 639 719 
2678 2679 2599 2719 
0
2720 2721 2800 2801 
-1 681 640 720 
2760 2761 2720 2840 
0
2722 2723 2802 2803 
680 682 641 721 
2762 2763 2721 2841 
0
2724 2725 2804 2805 
681 683 642 722 
2764 2765 2722 2842 
0
2726 2727 2806 2807 
682 684 643 723 
2766 2767 2723 2843 
0
2728 2729 2808 2809 
683 685 644 724 
2768 2769 2724 2844 
0
2730 2731 2810 2811 
684 686 645 725 
2770 2771 2725 2845 
0
2732 2733 2812 2813 
685 687 646 726 
2772 2773 2726 2846 
0
2734 2735 2814 2815 
686 688 647 727 
2774 2775 2727 2847 
0
2736 2737 2816 2817 
687 689 648 728 
2776 2777 2728 2848 
0
2738 2739 2818 2819 
688 690 649 729 
2778 2779 2729 2849 
0
2740 2741 2820 2821 
689 691 650 730 
2780 2781 2730 2850 
0
2742 2743 2822 2823 
690 692 651 731 
2782 2783 2731 2851 
0
2744 2745 2824 2825 
691 693 652 732 
2784 2785 2732 2852 
0
2746 2747 2826 2827 
692 694 653 733 
2786 2787 2733 2853 
0
2748 2749 2828 2829 
693 695 654 734 
2788 2789 2734 2854 
0
2750 2751 2830 2831 
694 696 655 735 
2790 2791 2735 2855 
0
2752 2753 2832 2833 
695 697 656 736 
2792 2793 2736 2856 
0
2754 2755 2834 2835 
696 698 657 737 
2794 2795 2737 2857 
0
2756 2757 2836 2837 
697 699 658 738 
2796 2797 2738 2858 
0
2758 2759 2838 2839 
698 700 659 739 
2798 2799 2739 2859 
0
2760 2761 2840 2841 
699 701 660 740 
2800 2801 2740 2860 
0
2762 2763 2842 2843 
700 702 661 741 
2802 2803 2741 2861 
0
2764 2765 2844 2845 
701 703 662 742 
2804 2805 2742 2862 
0
2766 2767 2846 2847 
702 704 663 743 
2806 2807 2743 2863 
0
2768 2769 2848 2849 
703 705 664 744 
2808 2809 2744 2864 
0
2770 2771 2850 2851 
704 706 665 745 
2810 2811 2745 2865 
0
2772 2773 2852 2853 
705 707 666 746 
2812 2813 2746 2866 
0
2774 2775 2854 2855 
706 708 667 747 
2814 2815 2747 2867 
0
2776 2777 2856 2857 
707 709 668 748 
2816 2817 2748 2868 
0
2778 2779 2858 2859 
708 710 669 749 
2818 2819 2749 2869 
0
2780 2781 2860 2861 
709 711 670 750 
2820 2821 2750 2870 
0
2782 2783 2862 2863 
710 712 671 751 
2822 2823 2751 2871 
0
2784 2785 2864 2865 
711 713 672 752 
2824 2825 2752 2872 
0
2786 2787 2866 2867 
712 714 673 753 
2826 2827 2753 2873 
0
2788 2789 2868 2869 
713 715 674 754 
2828 2829 2754 2874 
0
2790 2791 2870 2871 
714 716 675 755 
2830 2831 2755 2875 
0
2792 2793 2872 2873 
715 717 676 756 
2832 2833 2756 2876 
0
2794 2795 2874 2875 
716 718 677 757 
2834 2835 2757 2877 
0
2796 2797 2876 2877 
717 719 678 758 
2836 2837 2758 2878 
0
2798 2799 2878 2879 
718 -1 679 759 
2838 2839 2759 2879 
0
2880 2881 2960 2961 
-1 721 680 760 
2920 2921 2880 3000 
0
2882 2883 2962 2963 
720 722 681 761 
2922 2923 2881 3001 
0
2884 2885 2964 2965 
721 723 682 762 
2924 2925 2882 3002 
0
2886 2887 2966 2967 
722 724 683 763 
2926 2927 2883 3003 
0
2888 2889 2968 2969 
723 725 684 764 
2928 2929 2884 3004 
0
2890 2891 2970 2971 
724 726 685 765 
2930 2931 2885 3005 
0
2892 2893 2972 2973 
725 727 686 766 
2932 2933 2886 3006 
0
2894 2895 2974 2975 
726 728 687 767 
2934 2935 2887 3007 
0
2896 2897 2976 2977 
727 729 688 768 
2936 2937 2888 3008 
0
2898 2899 2978 2979 
728 730 689 769 
2938 2939 2889 3009 
0
2900 2901 2980 2981 
729 731 690 770 
2940 2941 2890 3010 
0
2902 2903 2982 2983 
730 732 691 771 
2942 2943 2891 3011 
0
2904 2905 2984 2985 
731 733 692 772 
2944 2945 2892 3012 
0
2906 2907 2986 2987 
732 734 693 773 
2946 2947 2893 3013 
0
2908 2909 2988 2989 
733 735 694 774 
2948 2949 2894 3014 
0
2910 2911 2990 2991 
734 736 695 775 
2950 2951 2895 3015 
0
2912 2913 2992 2993 
735 737 696 776 
2952 2953 2896 3016 
0
2914 2915 2994 2995 
736 738 697 777 
2954 2955 2897 3017 
0
2916 2917 2996 2997 
737 739 698 778 
2956 2957 2898 3018 
0
2918 2919 2998 2999 
738 740 699 779 
2958 2959 2899 3019 
0
2920 2921 3000 3001 
739 741 700 780 
2960 2961 2900 3020 
0
2922 2923 3002 3003 
740 742 701 781 
2962 2963 2901 3021 
0
2924 2925 3004 3005 
741 743 702 782 
2964 2965 2902 3022 
0
2926 2927 3006 3007 
742 744 703 783 
2966 2967 2903 3023 
0
2928 2929 3008 3009 
743 745 704 784 
2968 2969 2904 3024 
0
2930 2931 3010 3011 
744 746 705 785 
2970 2971 2905 3025 
0
2932 2933 3012 3013 
745 747 706 786 
2972 2973 2906 3026 
0
2934 2935 3014 3015 
746 748 707 787 
2974 2975 2907 3027 
0
2936 2937 3016 3017 
747 749 708 788 
2976 2977 2908 3028 
0
2938 2939 3018 3019 
748 750 709 789 
2978 2979 2909 3029 
0
2940 2941 3020 3021 
749 751 710 790 
2980 2981 2910 3030 
0
2942 2943 3022 3023 
750 752 711 791 
2982 2983 2911 3031 
0
2944 2945 3024 3025 
751 753 712 792 
2984 2985 2912 3032 
0
2946 2947 3026 3027 
752 754 713 793 
2986 2987 2913 3033 
0
2948 2949 3028 3029 
753 755 714 794 
2988 2989 2914 3034 
0
2950 2951 3030 3031 
754 756 715 795 
2990 2991 2915 3035 
0
2952 2953 3032 3033 
755 757 716 796 
2992 2993 2916 3036 
0
2954 2955 3034 3035 
756 758 717 797 
2994 2995 2917 3037 
0
2956 2957 3036 3037 
757 759 718 798 
2996 2997 2918 3038 
0
2958 2959 3038 3039 
758 -1 719 799 
2998 2999 2919 3039 
0
3040 3041 3120 3121 
-1 761 720 800 
3080 3081 3040 3160 
0
3042 3043 3122 3123 
760 762 721 801 
3082 3083 3041 3161 
0
3044 3045 3124 3125 
761 763 722 802 
3084 3085 3042 3162 
0
3046 3047 3126 3127 
762 764 723 803 
3086 3087 3043 3163 
0
3048 3049 3128 3129 
763 765 724 804 
3088 3089 3044 3164 
0
3050 3051 3130 3131 
764 766 725 805 
3090 3091 3045 3165 
0
3052 3053 3132 3133 
765 767 726 806 
3092 3093 3046 3166 
0
3054 3055 3134 3135 
766 768 727 807 
3094 3095 3047 3167 
0
3056 3057 3136 3137 
767 769 728 808 
3096 3097 3048 3168 
0
3058 3059 3138 3139 
768 770 729 809 
3098 3099 3049 3169 
0
3060 3061 3140 3141 
769 771 730 810 
3100 3101 3050 3170 
0
3062 3063 3142 3143 
770 772 731 811 
3102 3103 3051 3171 
0
3064 3065 3144 3145 
771 773 732 812 
3104 3105 3052 3172 
0
3066 3067 3146 3147 
772 774 733 813 
3106 3107 3053 3173 
0
3068 3069 3148 3149 
773 775 734 814 
3108 3109 3054 3174 
0
3070 3071 3150 3151 
774 776 735 815 
3110 3111 3055 3175 
0
3072 3073 3152 3153 
775 777 736 816 
3112 3113 3056 3176 
0
3074 3075 3154 3155 
776 778 737 817 
3114 3115 3057 3177 
0
3076 3077 3156 3157 
777 779 738 818 
3116 3117 3058 3178 
0
3078 3079 3158 3159 
778 780 739 819 
3118 3119 3059 3179 
0
3080 3081 3160 3161 
779 781 740 820 
3120 3121 3060 3180 
0
3082 3083 3162 3163 
780 782 741 821 
3122 3123 3061 3181 
0
3084 3085 3164 3165 
781 783 742 822 
3124 3125 3062 3182 
0
3086 3087 3166 3167 
782 784 743 823 
3126 3127 3063 3183 
0
3088 3089 3168 3169 
783 785 744 824 
3128 3129 3064 3184 
0
3090 3091 3170 3171 
784 786 745 825 
3130 3131 3065 3185 
0
3092 3093 3172 3173 
785 787 746 826 
3132 3133 3066 3186 
0
3094 3095 3174 3175 
786 788 747 827 
3134 3135 3067 3187 
0
3096 3097 3176 3177 
787 789 748 828 
3136 3137 3068 3188 
0
3098 3099 3178 3179 
788 790 749 829 
3138 3139 3069 3189 
0
3100 3101 3180 3181 
789 791 750 830 
3140 3141 3070 3190 
0
3102 3103 3182 3183 
790 792 751 831 
3142 3143 3071 3191 
0
3104 3105 3184 3185 
791 793 752 832 
3144 3145 3072 3192 
0
3106 3107 3186 3187 
792 794 753 833 
3146 3147 3073 3193 
0
3108 3109 3188 3189 
793 795 754 834 
3148 3149 3074 3194 
0
3110 3111 3190 3191 
794 796 755 835 
3150 3151 3075 3195 
0
3112 3113 3192 3193 
795 797 756 836 
3152 3153 3076 3196 
0
3114 3115 3194 3195 
796 798 757 837 
3154 3155 3077 3197 
0
3116 3117 3196 3197 
797 799 758 838 
3156 3157 3078 3198 
0
3118 3119 3198 3199 
798 -1 759 839 
3158 3159 3079 3199 
0
3200 3201 3280 3281 
-1 801 760 840 
3240 3241 3200 3320 
0
3202 3203 3282 3283 
800 802 761 841 
3242 3243 3201 3321 
0
3204 3205 3284 3285 
801 803 762 842 
3244 3245 3202 3322 
0
3206 3207 3286 3287 
802 804 763 843 
3246 3247 3203 3323 
0
3208 3209 3288 3289 
803 805 764 844 
3248 3249 3204 3324 
0
3210 3211 3290 3291 
804 806 765 845 
3250 3251 3205 3325 
0
3212 3213 3292 3293 
805 807 766 846 
3252 3253 3206 3326 
0
3214 3215 3294 3295 
806 808 767 847 
3254 3255 3207 3327 
0
3216 3217 3296 3297 
807 809 768 848 
3256 3257 3208 3328 
0
3218 3219 3298 3299 
808 810 769 849 
3258 3259 3209 3329 
0
3220 3221 3300 3301 
809 811 770 850 
3260 3261 3210 3330 
0
3222 3223 3302 3303 
810 812 771 851 
3262 3263 3211 3331 
0
3224 3225 3304 3305 
811 813 772 852 
3264 3265 3212 3332 
0
3226 3227 3306 3307 
812 814 773 853 
3266 3267 3213 3333 
0
3228 3229 3308 3309 
813 815 774 854 
3268 3269 3214 3334 
0
3230 3231 3310 3311 
814 816 775 855 
3270 3271 3215 3335 
0
3232 3233 3312 3313 
815 817 776 856 
3272 3273 3216 3336 
0
3234 3235 3314 3315 
816 818 777 857 
3274 3275 3217 3337 
0
3236 3237 3316 3317 
817 819 778 858 
3276 3277 3218 3338 
0
3238 3239 3318 3319 
818 820 779 859 
3278 3279 3219 3339 
0
3240 3241 3320 3321 
819 821 780 860 
3280 3281 3220 3340 
0
3242 3243 3322 3323 
820 822 781 861 
3282 3283 3221 3341 
0
3244 3245 3324 3325 
821 823 782 862 
3284 3285 3222 3342 
0
3246 3247 3326 3327 
822 824 783 863 
3286 3287 3223 3343 
0
3248 3249 3328 3329 
823 825 784 864 
3288 3289 3224 3344 
0
3250 3251 3330 3331 
824 826 785 865 
3290 3291 3225 3345 
0
3252 3253 3332 3333 
825 827 786 866 
3292 3293 3226 3346 
0
3254 3255 3334 3335 
826 828 787 867 
3294 3295 3227 3347 
0
3256 3257 3336 3337 
827 829 788 868 
3296 3297 3228 3348 
0
3258 3259 3338 3339 
828 830 789 869 
3298 3299 3229 3349 
0
3260 3261 3340 3341 
829 831 790 870 
3300 3301 3230 3350 
0
3262 3263 3342 3343 
830 832 791 871 
3302 3303 3231 3351 
0
3264 3265 3344 3345 
831 833 792 872 
3304 3305 3232 3352 
0
3266 3267 3346 3347 
832 834 793 873 
3306 3307 3233 3353 
0
3268 3269 3348 3349 
833 835 794 874 
3308 3309 3234 3354 
0
3270 3271 3350 3351 
834 836 795 875 
3310 3311 3235 3355 
0
3272 3273 3352 3353 
835 837 796 876 
3312 3313 3236 3356 
0
3274 3275 3354 3355 
836 838 797 877 
3314 3315 3237 3357 
0
3276 3277 3356 3357 
837 839 798 878 
3316 3317 3238 3358 
0
3278 3279 3358 3359 
838 -1 799 879 
3318 3319 3239 3359 
0
3360 3361 3440 3441 
-1 841 800 880 
3400 3401 3360 3480 
0
3362 3363 3442 3443 
840 842 801 881 
3402 3403 3361 3481 
0
3364 3365 3444 3445 
841 843 802 882 
3404 3405 3362 3482 
0
3366 3367 3446 3447 
842 844 803 883 
3406 3407 3363 3483 
0
3368 3369 3448 3449 
843 845 804 884 
3408 3409 3364 3484 
0
3370 3371 3450 3451 
844 846 805 885 
3410 3411 3365 3485 
0
3372 3373 3452 3453 
845 847 806 886 
3412 3413 3366 3486 
0
3374 3375 3454 3455 
846 848 807 887 
3414 3415 3367 3487 
0
3376 3377 3456 3457 
847 849 808 888 
3416 3417 3368 3488 
0
3378 3379 3458 3459 
848 850 809 889 
3418 3419 3369 3489 
0
3380 3381 3460 3461 
849 851 810 890 
3420 3421 3370 3490 
0
3382 3383 3462 3463 
850 852 811 891 
3422 3423 3371 3491 
0
3384 3385 3464 3465 
851 853 812 892 
3424 3425 3372 3492 
0
3386 3387 3466 3467 
852 854 813 893 
3426 3427 3373 3493 
0
3388 3389 3468 3469 
853 855 814 894 
3428 3429 3374 3494 
0
3390 3391 3470 3471 
854 856 815 895 
3430 3431 3375 3495 
0
3392 3393 3472 3473 
855 857 816 896 
3432 3433 3376 3496 
0
3394 3395 3474 3475 
856 858 817 897 
3434 3435 3377 3497 
0
3396 3397 3476 3477 
857 859 818 898 
3436 3437 3378 3498 
0
3398 3399 3478 3479 
858 860 819 899 
3438 3439 3379 3499 
0
3400 3401 3480 3481 
859 861 820 900 
3440 3441 3380 3500 
0
3402 3403 3482 3483 
860 862 821 901 
3442 3443 3381 3501 
0
3404 3405 3484 3485 
861 863 822 902 
3444 3445 3382 3502 
0
3406 3407 3486 3487 
862 864 823 903 
3446 3447 3383 3503 
0
3408 3409 3488 3489 
863 865 824 904 
3448 3449 3384 3504 
0
3410 3411 3490 3491 
864 866 825 905 
3450 3451 3385 3505 
0
3412 3413 3492 3493 
865 867 826 906 
3452 3453 3386 3506 
0
3414 3415 3494 3495 
866 868 827 907 
3454 3455 3387 3507 
0
3416 3417 3496 3497 
867 869 828 908 
3456 3457 3388 3508 
0
3418 3419 3498 3499 
868 870 829 909 
3458 3459 3389 3509 
0
3420 3421 3500 3501 
869 871 830 910 
3460 3461 3390 3510 
0
3422 3423 3502 3503 
870 872 831 911 
3462 3463 3391 3511 
0
3424 3425 3504 3505 
871 873 832 912 
3464 3465 3392 3512 
0
3426 3427 3506 3507 
872 874 833 913 
3466 3467 3393 3513 
0
3428 3429 3508 3509 
873 875 834 914 
3468 3469 3394 3514 
0
3430 3431 3510 3511 
874 876 835 915 
3470 3471 3395 3515 
0
3432 3433 3512 3513 
875 877 836 916 
3472 3473 3396 3516 
0
3434 3435 3514 3515 
876 878 837 917 
3474 3475 3397 3517 
0
3436 3437 3516 3517 
877 879 838 918 
3476 3477 3398 3518 
0
3438 3439 3518 3519 
878 -1 839 919 
3478 3479 3399 3519 
0
3520 3521 3600 3601 
-1 881 840 920 
3560 3561 3520 3640 
0
3522 3523 3602 3603 
880 882 841 921 
3562 3563 3521 3641 
0
3524 3525 3604 3605 
881 883 842 922 
3564 3565 3522 3642 
0
3526 3527 3606 3607 
882 884 843 923 
3566 3567 3523 3643 
0
3528 3529 3608 3609 
883 885 844 924 
3568 3569 3524 3644 
0
3530 3531 3610 3611 
884 886 845 925 
3570 3571 3525 3645 
0
3532 3533 3612 3613 
885 887 846 926 
3572 3573 3526 3646 
0
3534 3535 3614 3615 
886 888 847 927 
3574 3575 3527 3647 
0
3536 3537 3616 3617 
887 889 848 928 
3576 3577 3528 3648 
0
3538 3539 3618 3619 
888 890 849 929 
3578 3579 3529 3649 
0
3540 3541 3620 3621 
889 891 850 930 
3580 3581 3530 3650 
0
3542 3543 3622 3623 
890 892 851 931 
3582 3583 3531 3651 
0
3544 3545 3624 3625 
891 893 852 932 
3584 3585 3532 3652 
0
3546 3547 3626 3627 
892 894 853 933 
3586 3587 3533 3653 
0
3548 3549 3628 3629 
893 895 854 934 
3588 3589 3534 3654 
0
3550 3551 3630 3631 
894 896 855 935 
3590 3591 3535 3655 
0
3552 3553 3632 3633 
895 897 856 936 
3592 3593 3536 3656 
0
3554 3555 3634 3635 
896 898 857 937 
3594 3595 3537 3657 
0
3556 3557 3636 3637 
897 899 858 938 
3596 3597 3538 3658 
0
3558 3559 3638 3639 
898 900 859 939 
3598 3599 3539 3659 
0
3560 3561 3640 3641 
899 901 860 940 
3600 3601 3540 3660 
0
3562 3563 3642 3643 
900 902 861 941 
3602 3603 3541 3661 
0
3564 3565 3644 3645 
901 903 862 942 
3604 3605 3542 3662 
0
3566 3567 3646 3647 
902 904 863 943 
3606 3607 3543 3663 
0
3568 3569 3648 3649 
903 905 864 944 
3608 3609 3544 3664 
0
3570 3571 3650 3651 
904 906 865 945 
3610 3611 3545 3665 
0
3572 3573 3652 3653 
905 907 866 946 
3612 3613 3546 3666 
0
3574 3575 3654 3655 
906 908 867 947 
3614 3615 3547 3667 
0
3576 3577 3656 3657 
907 909 868 948 
3616 3617 3548 3668 
0
3578 3579 3658 3659 
908 910 869 949 
3618 3619 3549 3669 
0
3580 3581 3660 3661 
909 911 870 950 
3620 3621 3550 3670 
0
3582 3583 3662 3663 
910 912 871 951 
3622 3623 3551 3671 
0
3584 3585 3664 3665 
911 913 872 952 
3624 3625 3552 3672 
0
3586 3587 3666 3667 
912 914 873 953 
3626 3627 3553 3673 
0
3588 3589 3668 3669 
913 915 874 954 
3628 3629 3554 3674 
0
3590 3591 3670 3671 
914 916 875 955 
3630 3631 3555 3675 
0
3592 3593 3672 3673 
915 917 876 956 
3632 3633 3556 3676 
0
3594 3595 3674 3675 
916 918 877 957 
3634 3635 3557 3677 
0
3596 3597 3676 3677 
917 919 878 958 
3636 3637 3558 3678 
0
3598 3599 3678 3679 
918 -1 879 959 
3638 3639 3559 3679 
0
3680 3681 3760 3761 
-1 921 880 960 
3720 3721 3680 3800 
0
3682 3683 3762 3763 
920 922 881 961 
3722 3723 3681 3801 
0
3684 3685 3764 3765 
921 923 882 962 
3724 3725 3682 3802 
0
3686 3687 3766 3767 
922 924 883 963 
3726 3727 3683 3803 
0
3688 3689 3768 3769 
923 925 884 964 
3728 3729 3684 3804 
0
3690 3691 3770 3771 
924 926 885 965 
3730 3731 3685 3805 
0
3692 3693 3772 3773 
925 927 886 966 
3732 3733 3686 3806 
0
3694 3695 3774 3775 
926 928 887 967 
3734 3735 3687 3807 
0
3696 3697 3776 3777 
927 929 888 968 
3736 3737 3688 3808 
0
3698 3699 3778 3779 
928 930 889 969 
3738 3739 3689 3809 
0
3700 3701 3780 3781 
929 931 890 970 
3740 3741 3690 3810 
0
3702 3703 3782 3783 
930 932 891 971 
3742 3743 3691 3811 
0
3704 3705 3784 3785 
931 933 892 972 
3744 3745 3692 3812 
0
3706 3707 3786 3787 
932 934 893 973 
3746 3747 3693 3813 
0
3708 3709 3788 3789 
933 935 894 974 
3748 3749 3694 3814 
0
3710 3711 3790 3791 
934 936 895 975 
3750 3751 3695 3815 
0
3712 3713 3792 3793 
935 937 896 976 
3752 3753 3696 3816 
0
3714 3715 3794 3795 
936 938 897 977 
3754 3755 3697 3817 
0
3716 3717 3796 3797 
937 939 898 978 
3756 3757 3698 3818 
0
3718 3719 3798 3799 
938 940 899 979 
3758 3759 3699 3819 
0
3720 3721 3800 3801 
939 941 900 980 
3760 3761 3700 3820 
0
3722 3723 3802 3803 
940 942 901 981 
3762 3763 3701 3821 
0
3724 3725 3804 3805 
941 943 902 982 
3764 3765 3702 3822 
0
3726 3727 3806 3807 
942 944 903 983 
3766 3767 3703 3823 
0
3728 3729 3808 3809 
943 945 904 984 
3768 3769 3704 3824 
0
3730 3731 3810 3811 
944 946 905 985 
3770 3771 3705 3825 
0
3732 3733 3812 3813 
945 947 906 986 
3772 3773 3706 3826 
0
3734 3735 3814 3815 
946 948 907 987 
3774 3775 3707 3827 
0
3736 3737 3816 3817 
947 949 908 988 
3776 3777 3708 3828 
0
3738 3739 3818 3819 
948 950 909 989 
3778 3779 3709 3829 
0
3740 3741 3820 3821 
949 951 910 990 
3780 3781 3710 3830 
0
3742 3743 3822 3823 
950 952 911 991 
3782 3783 3711 3831 
0
3744 3745 3824 3825 
951 953 912 992 
3784 3785 3712 3832 
0
3746 3747 3826 3827 
952 954 913 993 
3786 3787 3713 3833 
0
3748 3749 3828 3829 
953 955 914 994 
3788 3789 3714 3834 
0
3750 3751 3830 3831 
954 956 915 995 
3790 3791 3715 3835 
0
3752 3753 3832 3833 
955 957 916 996 
3792 3793 3716 3836 
0
3754 3755 3834 3835 
956 958 917 997 
3794 3795 3717 3837 
0
3756 3757 3836 3837 
957 959 918 998 
3796 3797 3718 3838 
0
3758 3759 3838 3839 
958 -1 919 999 
3798 3799 3719 3839 
0
3840 3841 3920 3921 
-1 961 920 1000 
3880 3881 3840 3960 
0
3842 3843 3922 3923 
960 962 921 1001 
3882 3883 3841 3961 
0
3844 3845 3924 3925 
961 963 922 1002 
3884 3885 3842 3962 
0
3846 3847 3926 3927 
962 964 923 1003 
3886 3887 3843 3963 
0
3848 3849 3928 3929 
963 965 924 1004 
3888 3889 3844 3964 
0
3850 3851 3930 3931 
964 966 925 1005 
3890 3891 3845 3965 
0
3852 3853 3932 3933 
965 967 926 1006 
3892 3893 3846 3966 
0
3854 3855 3934 3935 
966 968 927 1007 
3894 3895 3847 3967 
0
3856 3857 3936 3937 
967 969 928 1008 
3896 3897 3848 3968 
0
3858 3859 3938 3939 
968 970 929 1009 
3898 3899 3849 3969 
0
3860 3861 3940 3941 
969 971 930 1010 
3900 3901 3850 3970 
0
3862 3863 3942 3943 
970 972 931 1011 
3902 3903 3851 3971 
0
3864 3865 3944 3945 
971 973 932 1012 
3904 3905 3852 3972 
0
3866 3867 3946 3947 
972 974 933 1013 
3906 3907 3853 3973 
0
3868 3869 3948 3949 
973 975 934 1014 
3908 3909 3854 3974 
0
3870 3871 3950 3951 
974 976 935 1015 
3910 3911 3855 3975 
0
3872 3873 3952 3953 
975 977 936 1016 
3912 3913 3856 3976 
0
3874 3875 3954 3955 
976 978 937 1017 
3914 3915 3857 3977 
0
3876 3877 3956 3957 
977 979 938 1018 
3916 3917 3858 3978 
0
3878 3879 3958 3959 
978 980 939 1019 
3918 3919 3859 3979 
0
3880 3881 3960 3961 
979 981 940 1020 
3920 3921 3860 3980 
0
3882 3883 3962 3963 
980 982 941 1021 
3922 3923 3861 3981 
0
3884 3885 3964 3965 
981 983 942 1022 
3924 3925 3862 3982 
0
3886 3887 3966 3967 
982 984 943 1023 
3926 3927 3863 3983 
0
3888 3889 3968 3969 
983 985 944 1024 
3928 3929 3864 3984 
0
3890 3891 3970 3971 
984 986 945 1025 
3930 3931 3865 3985 
0
3892 3893 3972 3973 
985 987 946 1026 
3932 3933 3866 3986 
0
3894 3895 3974 3975 
986 988 947 1027 
3934 3935 3867 3987 
0
3896 3897 3976 3977 
987 989 948 1028 
3936 3937 3868 3988 
0
3898 3899 3978 3979 
988 990 949 1029 
3938 3939 3869 3989 
0
3900 3901 3980 3981 
989 991 950 1030 
3940 3941 3870 3990 
0
3902 3903 3982 3983 
990 992 951 1031 
3942 3943 3871 3991 
0
3904 3905 3984 3985 
991 993 952 1032 
3944 3945 3872 3992 
0
3906 3907 3986 3987 
992 994 953 1033 
3946 3947 3873 3993 
0
3908 3909 3988 3989 
993 995 954 1034 
3948 3949 3874 3994 
0
3910 3911 3990 3991 
994 996 955 1035 
3950 3951 3875 3995 
0
3912 3913 3992 3993 
995 997 956 1036 
3952 3953 3876 3996 
0
3914 3915 3994 3995 
996 998 957 1037 
3954 3955 3877 3997 
0
3916 3917 3996 3997 
997 999 958 1038 
3956 3957 3878 3998 
0
3918 3919 3998 3999 
998 -1 959 1039 
3958 3959 3879 3999 
0
4000 4001 4080 4081 
-1 1001 960 1040 
4040 4041 4000 4120 
0
4002 4003 4082 4083 
1000 1002 961 1041 
4042 4043 4001 4121 
0
4004 4005 4084 4085 
1001 1003 962 1042 
4044 4045 4002 4122 
0
4006 4007 4086 4087 
1002 1004 963 1043 
4046 4047 4003 4123 
0
4008 4009 4088 4089 
1003 1005 964 1044 
4048 4049 4004 4124 
0
4010 4011 4090 4091 
1004 1006 965 1045 
4050 4051 4005 4125 
0
4012 4013 4092 4093 
1005 1007 966 1046 
4052 4053 4006 4126 
0
4014 4015 4094 4095 
1006 1008 967 1047 
4054 4055 4007 4127 
0
4016 4017 4096 4097 
1007 1009 968 1048 
4056 4057 4008 4128 
0
4018 4019 4098 4099 
1008 1010 969 1049 
4058 4059 4009 4129 
0
4020 4021 4100 4101 
1009 1011 970 1050 
4060 4061 4010 4130 
0
4022 4023 4102 4103 
1010 1012 971 1051 
4062 4063 4011 4131 
0
4024 4025 4104 4105 
1011 1013 972 1052 
4064 4065 4012 4132 
0
4026 4027 4106 4107 
1012 1014 973 1053 
4066 4067 4013 4133 
0
4028 4029 4108 4109 
1013 1015 974 1054 
4068 4069 4014 4134 
0
4030 4031 4110 4111 
1014 1016 975 1055 
4070 4071 4015 4135 
0
4032 4033 4112 4113 
1015 1017 976 1056 
4072 4073 4016 4136 
0
4034 4035 4114 4115 
1016 1018 977 1057 
4074 4075 4017 4137 
0
4036 4037 4116 4117 
1017 1019 978 1058 
4076 4077 4018 4138 
0
4038 4039 4118 4119 
1018 1020 979 1059 
4078 4079 4019 4139 
0
4040 4041 4120 4121 
1019 1021 980 1060 
4080 4081 4020 4140 
0
4042 4043 4122 4123 
1020 1022 981 1061 
4082 4083 4021 4141 
0
4044 4045 4124 4125 
1021 1023 982 1062 
4084 4085 4022 4142 
0
4046 4047 4126 4127 
1022 1024 983 1063 
4086 4087 4023 4143 
0
4048 4049 4128 4129 
1023 1025 984 1064 
4088 4089 4024 4144 
0
4050 4051 4130 4131 
1024 1026 985 1065 
4090 4091 4025 4145 
0
4052 4053 4132 4133 
1025 1027 986 1066 
4092 4093 4026 4146 
0
4054 4055 4134 4135 
1026 1028 987 1067 
4094 4095 4027 4147 
0
4056 4057 4136 4137 
1027 1029 988 1068 
4096 4097 4028 4148 
0
4058 4059 4138 4139 
1028 1030 989 1069 
4098 4099 4029 4149 
0
4060 4061 4140 4141 
1029 1031 990 1070 
4100 4101 4030 4150 
0
4062 4063 4142 4143 
1030 1032 991 1071 
4102 4103 4031 4151 
0
4064 4065 4144 4145 
1031 1033 992 1072 
4104 4105 4032 4152 
0
4066 4067 4146 4147 
1032 1034 993 1073 
4106 4107 4033 4153 
0
4068 4069 4148 4149 
1033 1035 994 1074 
4108 4109 4034 4154 
0
4070 4071 4150 4151 
1034 1036 995 1075 
4110 4111 4035 4155 
0
4072 4073 4152 4153 
1035 1037 996 1076 
4112 4113 4036 4156 
0
4074 4075 4154 4155 
1036 1038 997 1077 
4114 4115 4037 4157 
0
4076 4077 4156 4157 
1037 1039 998 1078 
4116 4117 4038 4158 
0
4078 4079 4158 4159 
1038 -1 999 1079 
4118 4119 4039 4159 
0
4160 4161 4240 4241 
-1 1041 1000 1080 
4200 4201 4160 4280 
0
4162 4163 4242 4243 
1040 1042 1001 1081 
4202 4203 4161 4281 
0
4164 4165 4244 4245 
1041 1043 1002 1082 
4204 4205 4162 4282 
0
4166 4167 4246 4247 
1042 1044 1003 1083 
4206 4207 4163 4283 
0
4168 4169 4248 4249 
1043 1045 1004 1084 
4208 4209 4164 4284 
0
4170 4171 4250 4251 
1044 1046 1005 1085 
4210 4211 4165 4285 
0
4172 4173 4252 4253 
1045 1047 1006 1086 
4212 4213 4166 4286 
0
4174 4175 4254 4255 
1046 1048 1007 1087 
4214 4215 4167 4287 
0
4176 4177 4256 4257 
1047 1049 1008 1088 
4216 4217 4168 4288 
0
4178 4179 4258 4259 
1048 1050 1009 1089 
4218 4219 4169 4289 
0
4180 4181 4260 4261 
1049 1051 1010 1090 
4220 4221 4170 4290 
0
4182 4183 4262 4263 
1050 1052 1011 1091 
4222 4223 4171 4291 
0
4184 4185 4264 4265 
1051 1053 1012 1092 
4224 4225 4172 4292 
0
4186 4187 4266 4267 
1052 1054 1013 1093 
4226 4227 4173 4293 
0
4188 4189 4268 4269 
1053 1055 1014 1094 
4228 4229 4174 4294 
0
4190 4191 4270 4271 
1054 1056 1015 1095 
4230 4231 4175 4295 
0
4192 4193 4272 4273 
1055 1057 1016 1096 
4232 4233 4176 4296 
0
4194 4195 4274 4275 
1056 1058 1017 1097 
4234 4235 4177 4297 
0
4196 4197 4276 4277 
1057 1059 1018 1098 
4236 4237 4178 4298 
0
4198 4199 4278 4279 
1058 1060 1019 1099 
4238 4239 4179 4299 
0
4200 4201 4280 4281 
1059 1061 1020 1100 
4240 4241 4180 4300 
0
4202 4203 4282 4283 
1060 1062 1021 1101 
4242 4243 4181 4301 
0
4204 4205 4284 4285 
1061 1063 1022 1102 
4244 4245 4182 4302 
0
4206 4207 4286 4287 
1062 1064 1023 1103 
4246 4247 4183 4303 
0
4208 4209 4288 4289 
1063 1065 1024 1104 
4248 4249 4184 4304 
0
4210 4211 4290 4291 
1064 1066 1025 1105 
4250 4251 4185 4305 
0
4212 4213 4292 4293 
1065 1067 1026 1106 
4252 4253 4186 4306 
0
4214 4215 4294 4295 
1066 1068 1027 1107 
4254 4255 4187 4307 
0
4216 4217 4296 4297 
1067 1069 1028 1108 
4256 4257 4188 4308 
0
4218 4219 4298 4299 
1068 1070 1029 1109 
4258 4259 4189 4309 
0
4220 4221 4300 4301 
1069 1071 1030 1110 
4260 4261 4190 4310 
0
4222 4223 4302 4303 
1070 1072 1031 1111 
4262 4263 4191 4311 
0
4224 4225 4304 4305 
1071 1073 1032 1112 
4264 4265 4192 4312 
0
4226 4227 4306 4307 
1072 1074 1033 1113 
4266 4267 4193 4313 
0
4228 4229 4308 4309 
1073 1075 1034 1114 
4268 4269 4194 4314 
0
4230 4231 4310 4311 
1074 1076 1035 1115 
4270 4271 4195 4315 
0
4232 4233 4312 4313 
1075 1077 1036 1116 
4272 4273 4196 4316 
0
4234 4235 4314 4315 
1076 1078 1037 1117 
4274 4275 4197 4317 
0
4236 4237 4316 4317 
1077 1079 1038 1118 
4276 4277 4198 4318 
0
4238 4239 4318 4319 
1078 -1 1039 1119 
4278 4279 4199 4319 
0
4320 4321 4400 4401 
-1 1081 1040 1120 
4360 4361 4320 4440 
0
4322 4323 4402 4403 
1080 1082 1041 1121 
4362 4363 4321 4441 
0
4324 4325 4404 4405 
1081 1083 1042 1122 
4364 4365 4322 4442 
0
4326 4327 4406 4407 
1082 1084 1043 1123 
4366 4367 4323 4443 
0
4328 4329 4408 4409 
1083 1085 1044 1124 
4368 4369 4324 4444 
0
4330 4331 4410 4411 
1084 1086 1045 1125 
4370 4371 4325 4445 
0
4332 4333 4412 4413 
1085 1087 1046 1126 
4372 4373 4326 4446 
0
4334 4335 4414 4415 
1086 1088 1047 1127 
4374 4375 4327 4447 
0
4336 4337 4416 4417 
1087 1089 1048 1128 
4376 4377 4328 4448 
0
4338 4339 4418 4419 
1088 1090 1049 1129 
4378 4379 4329 4449 
0
4340 4341 4420 4421 
1089 1091 1050 1130 
4380 4381 4330 4450 
0
4342 4343 4422 4423 
1090 1092 1051 1131 
4382 4383 4331 4451 
0
4344 4345 4424 4425 
1091 1093 1052 1132 
4384 4385 4332 4452 
0
4346 4347 4426 4427 
1092 1094 1053 1133 
4386 4387 4333 4453 
0
4348 4349 4428 4429 
1093 1095 1054 1134 
4388 4389 4334 4454 
0
4350 4351 4430 4431 
1094 1096 1055 1135 
4390 4391 4335 4455 
0
4352 4353 4432 4433 
1095 1097 1056 1136 
4392 4393 4336 4456 
0
4354 4355 4434 4435 
1096 1098 1057 1137 
4394 4395 4337 4457 
0
4356 4357 4436 4437 
1097 1099 1058 1138 
4396 4397 4338 4458 
0
4358 4359 4438 4439 
1098 1100 1059 1139 
4398 4399 4339 4459 
0
4360 4361 4440 4441 
1099 1101 1060 1140 
4400 4401 4340 4460 
0
4362 4363 4442 4443 
1100 1102 1061 1141 
4402 4403 4341 4461 
0
4364 4365 4444 4445 
1101 1103 1062 1142 
4404 4405 4342 4462 
0
4366 4367 4446 4447 
1102 1104 1063 1143 
4406 4407 4343 4463 
0
4368 4369 4448 4449 
1103 1105 1064 1144 
4408 4409 4344 4464 
0
4370 4371 4450 4451 
1104 1106 1065 1145 
4410 4411 4345 4465 
0
4372 4373 4452 4453 
1105 1107 1066 1146 
4412 4413 4346 4466 
0
4374 4375 4454 4455 
1106 1108 1067 1147 
4414 4415 4347 4467 
0
4376 4377 4456 4457 
1107 1109 1068 1148 
4416 4417 4348 4468 
0
4378 4379 4458 4459 
1108 1110 1069 1149 
4418 4419 4349 4469 
0
4380 4381 4460 4461 
1109 1111 1070 1150 
4420 4421 4350 4470 
0
4382 4383 4462 4463 
1110 1112 1071 1151 
4422 4423 4351 4471 
0
4384 4385 4464 4465 
1111 1113 1072 1152 
4424 4425 4352 4472 
0
4386 4387 4466 4467 
1112 1114 1073 1153 
4426 4427 4353 4473 
0
4388 4389 4468 4469 
1113 1115 1074 1154 
4428 4429 4354 4474 
0
4390 4391 4470 4471 
1114 1116 1075 1155 
4430 4431 4355 4475 
0
4392 4393 4472 4473 
1115 1117 1076 1156 
4432 4433 4356 4476 
0
4394 4395 4474 4475 
1116 1118 1077 1157 
4434 4435 4357 4477 
0
4396 4397 4476 4477 
1117 1119 1078 1158 
4436 4437 4358 4478 
0
4398 4399 4478 4479 
1118 -1 1079 1159 
4438 4439 4359 4479 
0
4480 4481 4560 4561 
-1 1121 1080 1160 
4520 4521 4480 4600 
0
4482 4483 4562 4563 
1120 1122 1081 1161 
4522 4523 4481 4601 
0
4484 4485 4564 4565 
1121 1123 1082 1162 
4524 4525 4482 4602 
0
4486 4487 4566 4567 
1122 1124 1083 1163 
4526 4527 4483 4603 
0
4488 4489 4568 4569 
1123 1125 1084 1164 
4528 4529 4484 4604 
0
4490 4491 4570 4571 
1124 1126 1085 1165 
4530 4531 4485 4605 
0
4492 4493 4572 4573 
1125 1127 1086 1166 
4532 4533 4486 4606 
0
4494 4495 4574 4575 
1126 1128 1087 1167 
4534 4535 4487 4607 
0
4496 4497 4576 4577 
1127 1129 1088 1168 
4536 4537 4488 4608 
0
4498 4499 4578 4579 
1128 1130 1089 1169 
4538 4539 4489 4609 
0
4500 4501 4580 4581 
1129 1131 1090 1170 
4540 4541 4490 4610 
0
4502 4503 4582 4583 
1130 1132 1091 1171 
4542 4543 4491 4611 
0
4504 4505 4584 4585 
1131 1133 1092 1172 
4544 4545 4492 4612 
0
4506 4507 4586 4587 
1132 1134 1093 1173 
4546 4547 4493 4613 
0
4508 4509 4588 4589 
1133 1135 1094 1174 
4548 4549 4494 4614 
0
4510 4511 4590 4591 
1134 1136 1095 1175 
4550 4551 4495 4615 
0
4512 4513 4592 4593 
1135 1137 1096 1176 
4552 4553 4496 4616 
0
4514 4515 4594 4595 
1136 1138 1097 1177 
4554 4555 4497 4617 
0
4516 4517 4596 4597 
1137 1139 1098 1178 
4556 4557 4498 4618 
0
4518 4519 4598 4599 
1138 1140 1099 1179 
4558 4559 4499 4619 
0
4520 4521 4600 4601 
1139 1141 1100 1180 
4560 4561 4500 4620 
0
4522 4523 4602 4603 
1140 1142 1101 1181 
4562 4563 4501 4621 
0
4524 4525 4604 4605 
1141 1143 1102 1182 
4564 4565 4502 4622 
0
4526 4527 4606 4607 
1142 1144 1103 1183 
4566 4567 4503 4623 
0
4528 4529 4608 4609 
1143 1145 1104 1184 
4568 4569 4504 4624 
0
4530 4531 4610 4611 
1144 1146 1105 1185 
4570 4571 4505 4625 
0
4532 4533 4612 4613 
1145 1147 1106 1186 
4572 4573 4506 4626 
0
4534 4535 4614 4615 
1146 1148 1107 1187 
4574 4575 4507 4627 
0
4536 4537 4616 4617 
1147 1149 1108 1188 
4576 4577 4508 4628 
0
4538 4539 4618 4619 
1148 1150 1109 1189 
4578 4579 4509 4629 
0
4540 4541 4620 4621 
1149 1151 1110 1190 
4580 4581 4510 4630 
0
4542 4543 4622 4623 
1150 1152 1111 1191 
4582 4583 4511 4631 
0
4544 4545 4624 4625 
1151 1153 1112 1192 
4584 4585 4512 4632 
0
4546 4547 4626 4627 
1152 1154 1113 1193 
4586 4587 4513 4633 
0
4548 4549 4628 4629 
1153 1155 1114 1194 
4588 4589 4514 4634 
0
4550 4551 4630 4631 
1154 1156 1115 1195 
4590 4591 4515 4635 
0
4552 4553 4632 4633 
1155 1157 1116 1196 
4592 4593 4516 4636 
0
4554 4555 4634 4635 
1156 1158 1117 1197 
4594 4595 4517 4637 
0
4556 4557 4636 4637 
1157 1159 1118 1198 
4596 4597 4518 4638 
0
4558 4559 4638 4639 
1158 -1 1119 1199 
4598 4599 4519 4639 
0
4640 4641 4720 4721 
-1 1161 1120 1200 
4680 4681 4640 4760 
0
4642 4643 4722 4723 
1160 1162 1121 1201 
4682 4683 4641 4761 
0
4644 4645 4724 4725 
1161 1163 1122 1202 
4684 4685 4642 4762 
0
4646 4647 4726 4727 
1162 1164 1123 1203 
4686 4687 4643 4763 
0
4648 4649 4728 4729 
1163 1165 1124 1204 
4688 4689 4644 4764 
0
4650 4651 4730 4731 
1164 1166 1125 1205 
4690 4691 4645 4765 
0
4652 4653 4732 4733 
1165 1167 1126 1206 
4692 4693 4646 4766 
0
4654 4655 4734 4735 
1166 1168 1127 1207 
4694 4695 4647 4767 
0
4656 4657 4736 4737 
1167 1169 1128 1208 
4696 4697 4648 4768 
0
4658 4659 4738 4739 
1168 1170 1129 1209 
4698 4699 4649 4769 
0
4660 4661 4740 4741 
1169 1171 1130 1210 
4700 4701 4650 4770 
0
4662 4663 4742 4743 
1170 1172 1131 1211 
4702 4703 4651 4771 
0
4664 4665 4744 4745 
1171 1173 1132 1212 
4704 4705 4652 4772 
0
4666 4667 4746 4747 
1172 1174 1133 1213 
4706 4707 4653 4773 
0
4668 4669 4748 4749 
1173 1175 1134 1214 
4708 4709 4654 4774 
0
4670 4671 4750 4751 
1174 1176 1135 1215 
4710 4711 4655 4775 
0
4672 4673 4752 4753 
1175 1177 1136 1216 
4712 4713 4656 4776 
0
4674 4675 4754 4755 
1176 1178 1137 1217 
4714 4715 4657 4777 
0
4676 4677 4756 4757 
1177 1179 1138 1218 
4716 4717 4658 4778 
0
4678 4679 4758 4759 
1178 1180 1139 1219 
4718 4719 4659 4779 
0
4680 4681 4760 4761 
1179 1181 1140 1220 
4720 4721 4660 4780 
0
4682 4683 4762 4763 
1180 1182 1141 1221 
4722 4723 4661 4781 
0
4684 4685 4764 4765 
1181 1183 1142 1222 
4724 4725 4662 4782 
0
4686 4687 4766 4767 
1182 1184 1143 1223 
4726 4727 4663 4783 
0
4688 4689 4768 4769 
1183 1185 1144 1224 
4728 4729 4664 4784 
0
4690 4691 4770 4771 
1184 1186 1145 1225 
4730 4731 4665 4785 
0
4692 4693 4772 4773 
1185 1187 1146 1226 
4732 4733 4666 4786 
0
4694 4695 4774 4775 
1186 1188 1147 1227 
4734 4735 4667 4787 
0
4696 4697 4776 4777 
1187 1189 1148 1228 
4736 4737 4668 4788 
0
4698 4699 4778 4779 
1188 1190 1149 1229 
4738 4739 4669 4789 
0
4700 4701 4780 4781 
1189 1191 1150 1230 
4740 4741 4670 4790 
0
4702 4703 4782 4783 
1190 1192 1151 1231 
4742 4743 4671 4791 
0
4704 4705 4784 4785 
1191 1193 1152 1232 
4744 4745 4672 4792 
0
4706 4707 4786 4787 
1192 1194 1153 1233 
4746 4747 4673 4793 
0
4708 4709 4788 4789 
1193 1195 1154 1234 
4748 4749 4674 4794 
0
4710 4711 4790 4791 
1194 1196 1155 1235 
4750 4751 4675 4795 
0
4712 4713 4792 4793 
1195 1197 1156 1236 
4752 4753 4676 4796 
0
4714 4715 4794 4795 
1196 1198 1157 1237 
4754 4755 4677 4797 
0
4716 4717 4796 4797 
1197 1199 1158 1238 
4756 4757 4678 4798 
0
4718 4719 4798 4799 
1198 -1 1159 1239 
4758 4759 4679 4799 
0
4800 4801 4880 4881 
-1 1201 1160 1240 
4840 4841 4800 4920 
0
4802 4803 4882 4883 
1200 1202 1161 1241 
4842 4843 4801 4921 
0
4804 4805 4884 4885 
1201 1203 1162 1242 
4844 4845 4802 4922 
0
4806 4807 4886 4887 
1202 1204 1163 1243 
4846 4847 4803 4923 
0
4808 4809 4888 4889 
1203 1205 1164 1244 
4848 4849 4804 4924 
0
4810 4811 4890 4891 
1204 1206 1165 1245 
4850 4851 4805 4925 
0
4812 4813 4892 4893 
1205 1207 1166 1246 
4852 4853 4806 4926 
0
4814 4815 4894 4895 
1206 1208 1167 1247 
4854 4855 4807 4927 
0
4816 4817 4896 4897 
1207 1209 1168 1248 
4856 4857 4808 4928 
0
4818 4819 4898 4899 
1208 1210 1169 1249 
4858 4859 4809 4929 
0
4820 4821 4900 4901 
1209 1211 1170 1250 
4860 4861 4810 4930 
0
4822 4823 4902 4903 
1210 1212 1171 1251 
4862 4863 4811 4931 
0
4824 4825 4904 4905 
1211 1213 1172 1252 
4864 4865 4812 4932 
0
4826 4827 4906 4907 
1212 1214 1173 1253 
4866 4867 4813 4933 
0
4828 4829 4908 4909 
1213 1215 1174 1254 
4868 4869 4814 4934 
0
4830 4831 4910 4911 
1214 1216 1175 1255 
4870 4871 4815 4935 
0
4832 4833 4912 4913 
1215 1217 1176 1256 
4872 4873 4816 4936 
0
4834 4835 4914 4915 
1216 1218 1177 1257 
4874 4875 4817 4937 
0
4836 4837 4916 4917 
1217 1219 1178 1258 
4876 4877 4818 4938 
0
4838 4839 4918 4919 
1218 1220 1179 1259 
4878 4879 4819 4939 
0
4840 4841 4920 4921 
1219 1221 1180 1260 
4880 4881 4820 4940 
0
4842 4843 4922 4923 
1220 1222 1181 1261 
4882 4883 4821 4941 
0
4844 4845 4924 4925 
1221 1223 1182 1262 
4884 4885 4822 4942 
0
4846 4847 4926 4927 
1222 1224 1183 1263 
4886 4887 4823 4943 
0
4848 4849 4928 4929 
1223 1225 1184 1264 
4888 4889 4824 4944 
0
4850 4851 4930 4931 
1224 1226 1185 1265 
4890 4891 4825 4945 
0
4852 4853 4932 4933 
1225 1227 1186 1266 
4892 4893 4826 4946 
0
4854 4855 4934 4935 
1226 1228 1187 1267 
4894 4895 4827 4947 
0
4856 4857 4936 4937 
1227 1229 1188 1268 
4896 4897 4828 4948 
0
4858 4859 4938 4939 
1228 1230 1189 1269 
4898 4899 4829 4949 
0
4860 4861 4940 4941 
1229 1231 1190 1270 
4900 4901 4830 4950 
0
4862 4863 4942 4943 
1230 1232 1191 1271 
4902 4903 4831 4951 
0
4864 4865 4944 4945 
1231 1233 1192 1272 
4904 4905 4832 4952 
0
4866 4867 4946 4947 
1232 1234 1193 1273 
4906 4907 4833 4953 
0
4868 4869 4948 4949 
1233 1235 1194 1274 
4908 4909 4834 4954 
0
4870 4871 4950 4951 
1234 1236 1195 1275 
4910 4911 4835 4955 
0
4872 4873 4952 4953 
1235 1237 1196 1276 
4912 4913 4836 4956 
0
4874 4875 4954 4955 
1236 1238 1197 1277 
4914 4915 4837 4957 
0
4876 4877 4956 4957 
1237 1239 1198 1278 
4916 4917 4838 4958 
0
4878 4879 4958 4959 
1238 -1 1199 1279 
4918 4919 4839 4959 
0
4960 4961 5040 5041 
-1 1241 1200 1280 
5000 5001 4960 5080 
0
4962 4963 5042 5043 
1240 1242 1201 1281 
5002 5003 4961 5081 
0
4964 4965 5044 5045 
1241 1243 1202 1282 
5004 5005 4962 5082 
0
4966 4967 5046 5047 
1242 1244 1203 1283 
5006 5007 4963 5083 
0
4968 4969 5048 5049 
1243 1245 1204 1284 
5008 5009 4964 5084 
0
4970 4971 5050 5051 
1244 1246 1205 1285 
5010 5011 4965 5085 
0
4972 4973 5052 5053 
1245 1247 1206 1286 
5012 5013 4966 5086 
0
4974 4975 5054 5055 
1246 1248 1207 1287 
5014 5015 4967 5087 
0
4976 4977 5056 5057 
1247 1249 1208 1288 
5016 5017 4968 5088 
0
4978 4979 5058 5059 
1248 1250 1209 1289 
5018 5019 4969 5089 
0
4980 4981 5060 5061 
1249 1251 1210 1290 
5020 5021 4970 5090 
0
4982 4983 5062 5063 
1250 1252 1211 1291 
5022 5023 4971 5091 
0
4984 4985 5064 5065 
1251 1253 1212 1292 
5024 5025 4972 5092 
0
4986 4987 5066 5067 
1252 1254 1213 1293 
5026 5027 4973 5093 
0
4988 4989 5068 5069 
1253 1255 1214 1294 
5028 5029 4974 5094 
0
4990 4991 5070 5071 
1254 1256 1215 1295 
5030 5031 4975 5095 
0
4992 4993 5072 5073 
1255 1257 1216 1296 
5032 5033 4976 5096 
0
4994 4995 5074 5075 
1256 1258 1217 1297 
5034 5035 4977 5097 
0
4996 4997 5076 5077 
1257 1259 1218 1298 
5036 5037 4978 5098 
0
4998 4999 5078 5079 
1258 1260 1219 1299 
5038 5039 4979 5099 
0
5000 5001 5080 5081 
1259 1261 1220 1300 
5040 5041 4980 5100 
0
5002 5003 5082 5083 
1260 1262 1221 1301 
5042 5043 4981 5101 
0
5004 5005 5084 5085 
1261 1263 1222 1302 
5044 5045 4982 5102 
0
5006 5007 5086 5087 
1262 1264 1223 1303 
5046 5047 4983 5103 
0
5008 5009 5088 5089 
1263 1265 1224 1304 
5048 5049 4984 5104 
0
5010 5011 5090 5091 
1264 1266 1225 1305 
5050 5051 4985 5105 
0
5012 5013 5092 5093 
1265 1267 1226 1306 
5052 5053 4986 5106 
0
5014 5015 5094 5095 
1266 1268 1227 1307 
5054 5055 4987 5107 
0
5016 5017 5096 5097 
1267 1269 1228 1308 
5056 5057 4988 5108 
0
5018 5019 5098 5099 
1268 1270 1229 1309 
5058 5059 4989 5109 
0
5020 5021 5100 5101 
1269 1271 1230 1310 
5060 5061 4990 5110 
0
5022 5023 5102 5103 
1270 1272 1231 1311 
5062 5063 4991 5111 
0
5024 5025 5104 5105 
1271 1273 1232 1312 
5064 5065 4992 5112 
0
5026 5027 5106 5107 
1272 1274 1233 1313 
5066 5067 4993 5113 
0
5028 5029 5108 5109 
1273 1275 1234 1314 
5068 5069 4994 5114 
0
5030 5031 5110 5111 
1274 1276 1235 1315 
5070 5071 4995 5115 
0
5032 5033 5112 5113 
1275 1277 1236 1316 
5072 5073 4996 5116 
0
5034 5035 5114 5115 
1276 1278 1237 1317 
5074 5075 4997 5117 
0
5036 5037 5116 5117 
1277 1279 1238 1318 
5076 5077 4998 5118 
0
5038 5039 5118 5119 
1278 -1 1239 1319 
5078 5079 4999 5119 
0
5120 5121 5200 5201 
-1 1281 1240 1320 
5160 5161 5120 5240 
0
5122 5123 5202 5203 
1280 1282 1241 1321 
5162 5163 5121 5241 
0
5124 5125 5204 5205 
1281 1283 1242 1322 
5164 5165 5122 5242 
0
5126 5127 5206 5207 
1282 1284 1243 1323 
5166 5167 5123 5243 
0
5128 5129 5208 5209 
1283 1285 1244 1324 
5168 5169 5124 5244 
0
5130 5131 5210 5211 
1284 1286 1245 1325 
5170 5171 5125 5245 
0
5132 5133 5212 5213 
1285 1287 1246 1326 
5172 5173 5126 5246 
0
5134 5135 5214 5215 
1286 1288 1247 1327 
5174 5175 5127 5247 
0
5136 5137 5216 5217 
1287 1289 1248 1328 
5176 5177 5128 5248 
0
5138 5139 5218 5219 
1288 1290 1249 1329 
5178 5179 5129 5249 
0
5140 5141 5220 5221 
1289 1291 1250 1330 
5180 5181 5130 5250 
0
5142 5143 5222 5223 
1290 1292 1251 1331 
5182 5183 5131 5251 
0
5144 5145 5224 5225 
1291 1293 1252 1332 
5184 5185 5132 5252 
0
5146 5147 5226 5227 
1292 1294 1253 1333 
5186 5187 5133 5253 
0
5148 5149 5228 5229 
1293 1295 1254 1334 
5188 5189 5134 5254 
0
5150 5151 5230 5231 
1294 1296 1255 1335 
5190 5191 5135 5255 
0
5152 5153 5232 5233 
1295 1297 1256 1336 
5192 5193 5136 5256 
0
5154 5155 5234 5235 
1296 1298 1257 1337 
5194 5195 5137 5257 
0
5156 5157 5236 5237 
1297 1299 1258 1338 
5196 5197 5138 5258 
0
5158 5159 5238 5239 
1298 1300 1259 1339 
5198 5199 5139 5259 
0
5160 5161 5240 5241 
1299 1301 1260 1340 
5200 5201 5140 5260 
0
5162 5163 5242 5243 
1300 1302 1261 1341 
5202 5203 5141 5261 
0
5164 5165 5244 5245 
1301 1303 1262 1342 
5204 5205 5142 5262 
0
5166 5167 5246 5247 
1302 1304 1263 1343 
5206 5207 5143 5263 
0
5168 5169 5248 5249 
1303 1305 1264 1344 
5208 5209 5144 5264 
0
5170 5171 5250 5251 
1304 1306 1265 1345 
5210 5211 5145 5265 
0
5172 5173 5252 5253 
1305 1307 1266 1346 
5212 5213 5146 5266 
0
5174 5175 5254 5255 
1306 1308 1267 1347 
5214 5215 5147 5267 
0
5176 5177 5256 5257 
1307 1309 1268 1348 
5216 5217 5148 5268 
0
5178 5179 5258 5259 
1308 1310 1269 1349 
5218 5219 5149 5269 
0
5180 5181 5260 5261 
1309 1311 1270 1350 
5220 5221 5150 5270 
0
5182 5183 5262 5263 
1310 1312 1271 1351 
5222 5223 5151 5271 
0
5184 5185 5264 5265 
1311 1313 1272 1352 
5224 5225 5152 5272 
0
5186 5187 5266 5267 
1312 1314 1273 1353 
5226 5227 5153 5273 
0
5188 5189 5268 5269 
1313 1315 1274 1354 
5228 5229 5154 5274 
0
5190 5191 5270 5271 
1314 1316 1275 1355 
5230 5231 5155 5275 
0
5192 5193 5272 5273 
1315 1317 1276 1356 
5232 5233 5156 5276 
0
5194 5195 5274 5275 
1316 1318 1277 1357 
5234 5235 5157 5277 
0
5196 5197 5276 5277 
1317 1319 1278 1358 
5236 5237 5158 5278 
0
5198 5199 5278 5279 
1318 -1 1279 1359 
5238 5239 5159 5279 
0
5280 5281 5360 5361 
-1 1321 1280 1360 
5320 5321 5280 5400 
0
5282 5283 5362 5363 
1320 1322 1281 1361 
5322 5323 5281 5401 
0
5284 5285 5364 5365 
1321 1323 1282 1362 
5324 5325 5282 5402 
0
5286 5287 5366 5367 
1322 1324 1283 1363 
5326 5327 5283 5403 
0
5288 5289 5368 5369 
1323 1325 1284 1364 
5328 5329 5284 5404 
0
5290 5291 5370 5371 
1324 1326 1285 1365 
5330 5331 5285 5405 
0
5292 5293 5372 5373 
1325 1327 1286 1366 
5332 5333 5286 5406 
0
5294 5295 5374 5375 
1326 1328 1287 1367 
5334 5335 5287 5407 
0
5296 5297 5376 5377 
1327 1329 1288 1368 
5336 5337 5288 5408 
0
5298 5299 5378 5379 
1328 1330 1289 1369 
5338 5339 5289 5409 
0
5300 5301 5380 5381 
1329 1331 1290 1370 
5340 5341 5290 5410 
0
5302 5303 5382 5383 
1330 1332 1291 1371 
5342 5343 5291 5411 
0
5304 5305 5384 5385 
1331 1333 1292 1372 
5344 5345 5292 5412 
0
5306 5307 5386 5387 
1332 1334 1293 1373 
5346 5347 5293 5413 
0
5308 5309 5388 5389 
1333 1335 1294 1374 
5348 5349 5294 5414 
0
5310 5311 5390 5391 
1334 1336 1295 1375 
5350 5351 5295 5415 
0
5312 5313 5392 5393 
1335 1337 1296 1376 
5352 5353 5296 5416 
0
5314 5315 5394 5395 
1336 1338 1297 1377 
5354 5355 5297 5417 
0
5316 5317 5396 5397 
1337 1339 1298 1378 
5356 5357 5298 5418 
0
5318 5319 5398 5399 
1338 1340 1299 1379 
5358 5359 5299 5419 
0
5320 5321 5400 5401 
1339 1341 1300 1380 
5360 5361 5300 5420 
0
5322 5323 5402 5403 
1340 1342 1301 1381 
5362 5363 5301 5421 
0
5324 5325 5404 5405 
1341 1343 1302 1382 
5364 5365 5302 5422 
0
5326 5327 5406 5407 
1342 1344 1303 1383 
5366 5367 5303 5423 
0
5328 5329 5408 5409 
1343 1345 1304 1384 
5368 5369 5304 5424 
0
5330 5331 5410 5411 
1344 1346 1305 1385 
5370 5371 5305 5425 
0
5332 5333 5412 5413 
1345 1347 1306 1386 
5372 5373 5306 5426 
0
5334 5335 5414 5415 
1346 1348 1307 1387 
5374 5375 5307 5427 
0
5336 5337 5416 5417 
1347 1349 1308 1388 
5376 5377 5308 5428 
0
5338 5339 5418 5419 
1348 1350 1309 1389 
5378 5379 5309 5429 
0
5340 5341 5420 5421 
1349 1351 1310 1390 
5380 5381 5310 5430 
0
5342 5343 5422 5423 
1350 1352 1311 1391 
5382 5383 5311 5431 
0
5344 5345 5424 5425 
1351 1353 1312 1392 
5384 5385 5312 5432 
0
5346 5347 5426 5427 
1352 1354 1313 1393 
5386 5387 5313 5433 
0
5348 5349 5428 5429 
1353 1355 1314 1394 
5388 5389 5314 5434 
0
5350 5351 5430 5431 
1354 1356 1315 1395 
5390 5391 5315 5435 
0
5352 5353 5432 5433 
1355 1357 1316 1396 
5392 5393 5316 5436 
0
5354 5355 5434 5435 
1356 1358 1317 1397 
5394 5395 5317 5437 
0
5356 5357 5436 5437 
1357 1359 1318 1398 
5396 5397 5318 5438 
0
5358 5359 5438 5439 
1358 -1 1319 1399 
5398 5399 5319 5439 
0
5440 5441 5520 5521 
-1 1361 1320 1400 
5480 5481 5440 5560 
0
5442 5443 5522 5523 
1360 1362 1321 1401 
5482 5483 5441 5561 
0
5444 5445 5524 5525 
1361 1363 1322 1402 
5484 5485 5442 5562 
0
5446 5447 5526 5527 
1362 1364 1323 1403 
5486 5487 5443 5563 
0
5448 5449 5528 5529 
1363 1365 1324 1404 
5488 5489 5444 5564 
0
5450 5451 5530 5531 
1364 1366 1325 1405 
5490 5491 5445 5565 
0
5452 5453 5532 5533 
1365 1367 1326 1406 
5492 5493 5446 5566 
0
5454 5455 5534 5535 
1366 1368 1327 1407 
5494 5495 5447 5567 
0
5456 5457 5536 5537 
1367 1369 1328 1408 
5496 5497 5448 5568 
0
5458 5459 5538 5539 
1368 1370 1329 1409 
5498 5499 5449 5569 
0
5460 5461 5540 5541 
1369 1371 1330 1410 
5500 5501 5450 5570 
0
5462 5463 5542 5543 
1370 1372 1331 1411 
5502 5503 5451 5571 
0
5464 5465 5544 5545 
1371 1373 1332 1412 
5504 5505 5452 5572 
0
5466 5467 5546 5547 
1372 1374 1333 1413 
5506 5507 5453 5573 
0
5468 5469 5548 5549 
1373 1375 1334 1414 
5508 5509 5454 5574 
0
5470 5471 5550 5551 
1374 1376 1335 1415 
5510 5511 5455 5575 
0
5472 5473 5552 5553 
1375 1377 1336 1416 
5512 5513 5456 5576 
0
5474 5475 5554 5555 
1376 1378 1337 1417 
5514 5515 5457 5577 
0
5476 5477 5556 5557 
1377 1379 1338 1418 
5516 5517 5458 5578 
0
5478 5479 5558 5559 
1378 1380 1339 1419 
5518 5519 5459 5579 
0
5480 5481 5560 5561 
1379 1381 1340 1420 
5520 5521 5460 5580 
0
5482 5483 5562 5563 
1380 1382 1341 1421 
5522 5523 5461 5581 
0
5484 5485 5564 5565 
1381 1383 1342 1422 
5524 5525 5462 5582 
0
5486 5487 5566 5567 
1382 1384 1343 1423 
5526 5527 5463 5583 
0
5488 5489 5568 5569 
1383 1385 1344 1424 
5528 5529 5464 5584 
0
5490 5491 5570 5571 
1384 1386 1345 1425 
5530 5531 5465 5585 
0
5492 5493 5572 5573 
1385 1387 1346 1426 
5532 5533 5466 5586 
0
5494 5495 5574 5575 
1386 1388 1347 1427 
5534 5535 5467 5587 
0
5496 5497 5576 5577 
1387 1389 1348 1428 
5536 5537 5468 5588 
0
5498 5499 5578 5579 
1388 1390 1349 1429 
5538 5539 5469 5589 
0
5500 5501 5580 5581 
1389 1391 1350 1430 
5540 5541 5470 5590 
0
5502 5503 5582 5583 
1390 1392 1351 1431 
5542 5543 5471 5591 
0
5504 5505 5584 5585 
1391 1393 1352 1432 
5544 5545 5472 5592 
0
5506 5507 5586 5587 
1392 1394 1353 1433 
5546 5547 5473 5593 
0
5508 5509 5588 5589 
1393 1395 1354 1434 
5548 5549 5474 5594 
0
5510 5511 5590 5591 
1394 1396 1355 1435 
5550 5551 5475 5595 
0
5512 5513 5592 5593 
1395 1397 1356 1436 
5552 5553 5476 5596 
0
5514 5515 5594 5595 
1396 1398 1357 1437 
5554 5555 5477 5597 
0
5516 5517 5596 5597 
1397 1399 1358 1438 
5556 5557 5478 5598 
0
5518 5519 5598 5599 
1398 -1 1359 1439 
5558 5559 5479 5599 
0
5600 5601 5680 5681 
-1 1401 1360 1440 
5640 5641 5600 5720 
0
5602 5603 5682 5683 
1400 1402 1361 1441 
5642 5643 5601 5721 
0
5604 5605 5684 5685 
1401 1403 1362 1442 
5644 5645 5602 5722 
0
5606 5607 5686 5687 
1402 1404 1363 1443 
5646 5647 5603 5723 
0
5608 5609 5688 5689 
1403 1405 1364 1444 
5648 5649 5604 5724 
0
5610 5611 5690 5691 
1404 1406 1365 1445 
5650 5651 5605 5725 
0
5612 5613 5692 5693 
1405 1407 1366 1446 
5652 5653 5606 5726 
0
5614 5615 5694 5695 
1406 1408 1367 1447 
5654 5655 5607 5727 
0
5616 5617 5696 5697 
1407 1409 1368 1448 
5656 5657 5608 5728 
0
5618 5619 5698 5699 
1408 1410 1369 1449 
5658 5659 5609 5729 
0
5620 5621 5700 5701 
1409 1411 1370 1450 
5660 5661 5610 5730 
0
5622 5623 5702 5703 
1410 1412 1371 1451 
5662 5663 5611 5731 
0
5624 5625 5704 5705 
1411 1413 1372 1452 
5664 5665 5612 5732 
0
5626 5627 5706 5707 
1412 1414 1373 1453 
5666 5667 5613 5733 
0
5628 5629 5708 5709 
1413 1415 1374 1454 
5668 5669 5614 5734 
0
5630 5631 5710 5711 
1414 1416 1375 1455 
5670 5671 5615 5735 
0
5632 5633 5712 5713 
1415 1417 1376 1456 
5672 5673 5616 5736 
0
5634 5635 5714 5715 
1416 1418 1377 1457 
5674 5675 5617 5737 
0
5636 5637 5716 5717 
1417 1419 1378 1458 
5676 5677 5618 5738 
0
5638 5639 5718 5719 
1418 1420 1379 1459 
5678 5679 5619 5739 
0
5640 5641 5720 5721 
1419 1421 1380 1460 
5680 5681 5620 5740 
0
5642 5643 5722 5723 
1420 1422 1381 1461 
5682 5683 5621 5741 
0
5644 5645 5724 5725 
1421 1423 1382 1462 
5684 5685 5622 5742 
0
5646 5647 5726 5727 
1422 1424 1383 1463 
5686 5687 5623 5743 
0
5648 5649 5728 5729 
1423 1425 1384 1464 
5688 5689 5624 5744 
0
5650 5651 5730 5731 
1424 1426 1385 1465 
5690 5691 5625 5745 
0
5652 5653 5732 5733 
1425 1427 1386 1466 
5692 5693 5626 5746 
0
5654 5655 5734 5735 
1426 1428 1387 1467 
5694 5695 5627 5747 
0
5656 5657 5736 5737 
1427 1429 1388 1468 
5696 5697 5628 5748 
0
5658 5659 5738 5739 
1428 1430 1389 1469 
5698 5699 5629 5749 
0
5660 5661 5740 5741 
1429 1431 1390 1470 
5700 5701 5630 5750 
0
5662 5663 5742 5743 
1430 1432 1391 1471 
5702 5703 5631 5751 
0
5664 5665 5744 5745 
1431 1433 1392 1472 
5704 5705 5632 5752 
0
5666 5667 5746 5747 
1432 1434 1393 1473 
5706 5707 5633 5753 
0
5668 5669 5748 5749 
1433 1435 1394 1474 
5708 5709 5634 5754 
0
5670 5671 5750 5751 
1434 1436 1395 1475 
5710 5711 5635 5755 
0
5672 5673 5752 5753 
1435 1437 1396 1476 
5712 5713 5636 5756 
0
5674 5675 5754 5755 
1436 1438 1397 1477 
5714 5715 5637 5757 
0
5676 5677 5756 5757 
1437 1439 1398 1478 
5716 5717 5638 5758 
0
5678 5679 5758 5759 
1438 -1 1399 1479 
5718 5719 5639 5759 
0
5760 5761 5840 5841 
-1 1441 1400 1480 
5800 5801 5760 5880 
0
5762 5763 5842 5843 
1440 1442 1401 1481 
5802 5803 5761 5881 
0
5764 5765 5844 5845 
1441 1443 1402 1482 
5804 5805 5762 5882 
0
5766 5767 5846 5847 
1442 1444 1403 1483 
5806 5807 5763 5883 
0
5768 5769 5848 5849 
1443 1445 1404 1484 
5808 5809 5764 5884 
0
5770 5771 5850 5851 
1444 1446 1405 1485 
5810 5811 5765 5885 
0
5772 5773 5852 5853 
1445 1447 1406 1486 
5812 5813 5766 5886 
0
5774 5775 5854 5855 
1446 1448 1407 1487 
5814 5815 5767 5887 
0
5776 5777 5856 5857 
1447 1449 1408 1488 
5816 5817 5768 5888 
0
5778 5779 5858 5859 
1448 1450 1409 1489 
5818 5819 5769 5889 
0
5780 5781 5860 5861 
1449 1451 1410 1490 
5820 5821 5770 5890 
0
5782 5783 5862 5863 
1450 1452 1411 1491 
5822 5823 5771 5891 
0
5784 5785 5864 5865 
1451 1453 1412 1492 
5824 5825 5772 5892 
0
5786 5787 5866 5867 
1452 1454 1413 1493 
5826 5827 5773 5893 
0
5788 5789 5868 5869 
1453 1455 1414 1494 
5828 5829 5774 5894 
0
5790 5791 5870 5871 
1454 1456 1415 1495 
5830 5831 5775 5895 
0
5792 5793 5872 5873 
1455 1457 1416 1496 
5832 5833 5776 5896 
0
5794 5795 5874 5875 
1456 1458 1417 1497 
5834 5835 5777 5897 
0
5796 5797 5876 5877 
1457 1459 1418 1498 
5836 5837 5778 5898 
0
5798 5799 5878 5879 
1458 1460 1419 1499 
5838 5839 5779 5899 
0
5800 5801 5880 5881 
1459 1461 1420 1500 
5840 5841 5780 5900 
0
5802 5803 5882 5883 
1460 1462 1421 1501 
5842 5843 5781 5901 
0
5804 5805 5884 5885 
1461 1463 1422 1502 
5844 5845 5782 5902 
0
5806 5807 5886 5887 
1462 1464 1423 1503 
5846 5847 5783 5903 
0
5808 5809 5888 5889 
1463 1465 1424 1504 
5848 5849 5784 5904 
0
5810 5811 5890 5891 
1464 1466 1425 1505 
5850 5851 5785 5905 
0
5812 5813 5892 5893 
1465 1467 1426 1506 
5852 5853 5786 5906 
0
5814 5815 5894 5895 
1466 1468 1427 1507 
5854 5855 5787 5907 
0
5816 5817 5896 5897 
1467 1469 1428 1508 
5856 5857 5788 5908 
0
5818 5819 5898 5899 
1468 1470 1429 1509 
5858 5859 5789 5909 
0
5820 5821 5900 5901 
1469 1471 1430 1510 
5860 5861 5790 5910 
0
5822 5823 5902 5903 
1470 1472 1431 1511 
5862 5863 5791 5911 
0
5824 5825 5904 5905 
1471 1473 1432 1512 
5864 5865 5792 5912 
0
5826 5827 5906 5907 
1472 1474 1433 1513 
5866 5867 5793 5913 
0
5828 5829 5908 5909 
1473 1475 1434 1514 
5868 5869 5794 5914 
0
5830 5831 5910 5911 
1474 1476 1435 1515 
5870 5871 5795 5915 
0
5832 5833 5912 5913 
1475 1477 1436 1516 
5872 5873 5796 5916 
0
5834 5835 5914 5915 
1476 1478 1437 1517 
5874 5875 5797 5917 
0
5836 5837 5916 5917 
1477 1479 1438 1518 
5876 5877 5798 5918 
0
5838 5839 5918 5919 
1478 -1 1439 1519 
5878 5879 5799 5919 
0
5920 5921 6000 6001 
-1 1481 1440 1520 
5960 5961 5920 6040 
0
5922 5923 6002 6003 
1480 1482 1441 1521 
5962 5963 5921 6041 
0
5924 5925 6004 6005 
1481 1483 1442 1522 
5964 5965 5922 6042 
0
5926 5927 6006 6007 
1482 1484 1443 1523 
5966 5967 5923 6043 
0
5928 5929 6008 6009 
1483 1485 1444 1524 
5968 5969 5924 6044 
0
5930 5931 6010 6011 
1484 1486 1445 1525 
5970 5971 5925 6045 
0
5932 5933 6012 6013 
1485 1487 1446 1526 
5972 5973 5926 6046 
0
5934 5935 6014 6015 
1486 1488 1447 1527 
5974 5975 5927 6047 
0
5936 5937 6016 6017 
1487 1489 1448 1528 
5976 5977 5928 6048 
0
5938 5939 6018 6019 
1488 1490 1449 1529 
5978 5979 5929 6049 
0
5940 5941 6020 6021 
1489 1491 1450 1530 
5980 5981 5930 6050 
0
5942 5943 6022 6023 
1490 1492 1451 1531 
5982 5983 5931 6051 
0
5944 5945 6024 6025 
1491 1493 1452 1532 
5984 5985 5932 6052 
0
5946 5947 6026 6027 
1492 1494 1453 1533 
5986 5987 5933 6053 
0
5948 5949 6028 6029 
1493 1495 1454 1534 
5988 5989 5934 6054 
0
5950 5951 6030 6031 
1494 1496 1455 1535 
5990 5991 5935 6055 
0
5952 5953 6032 6033 
1495 1497 1456 1536 
5992 5993 5936 6056 
0
5954 5955 6034 6035 
1496 1498 1457 1537 
5994 5995 5937 6057 
0
5956 5957 6036 6037 
1497 1499 1458 1538 
5996 5997 5938 6058 
0
5958 5959 6038 6039 
1498 1500 1459 1539 
5998 5999 5939 6059 
0
5960 5961 6040 6041 
1499 1501 1460 1540 
6000 6001 5940 6060 
0
5962 5963 6042 6043 
1500 1502 1461 1541 
6002 6003 5941 6061 
0
5964 5965 6044 6045 
1501 1503 1462 1542 
6004 6005 5942 6062 
0
5966 5967 6046 6047 
1502 1504 1463 1543 
6006 6007 5943 6063 
0
5968 5969 6048 6049 
1503 1505 1464 1544 
6008 6009 5944 6064 
0
5970 5971 6050 6051 
1504 1506 1465 1545 
6010 6011 5945 6065 
0
5972 5973 6052 6053 
1505 1507 1466 1546 
6012 6013 5946 6066 
0
5974 5975 6054 6055 
1506 1508 1467 1547 
6014 6015 5947 6067 
0
5976 5977 6056 6057 
1507 1509 1468 1548 
6016 6017 5948 6068 
0
5978 5979 6058 6059 
1508 1510 1469 1549 
6018 6019 5949 6069 
0
5980 5981 6060 6061 
1509 1511 1470 1550 
6020 6021 5950 6070 
0
5982 5983 6062 6063 
1510 1512 1471 1551 
6022 6023 5951 6071 
0
5984 5985 6064 6065 
1511 1513 1472 1552 
6024 6025 5952 6072 
0
5986 5987 6066 6067 
1512 1514 1473 1553 
6026 6027 5953 6073 
0
5988 5989 6068 6069 
1513 1515 1474 1554 
6028 6029 5954 6074 
0
5990 5991 6070 6071 
1514 1516 1475 1555 
6030 6031 5955 6075 
0
5992 5993 6072 6073 
1515 1517 1476 1556 
6032 6033 5956 6076 
0
5994 5995 6074 6075 
1516 1518 1477 1557 
6034 6035 5957 6077 
0
5996 5997 6076 6077 
1517 1519 1478 1558 
6036 6037 5958 6078 
0
5998 5999 6078 6079 
1518 -1 1479 1559 
6038 6039 5959 6079 
0
6080 6081 6160 6161 
-1 1521 1480 1560 
6120 6121 6080 6200 
0
6082 6083 6162 6163 
1520 1522 1481 1561 
6122 6123 6081 6201 
0
6084 6085 6164 6165 
1521 1523 1482 1562 
6124 6125 6082 6202 
0
6086 6087 6166 6167 
1522 1524 1483 1563 
6126 6127 6083 6203 
0
6088 6089 6168 6169 
1523 1525 1484 1564 
6128 6129 6084 6204 
0
6090 6091 6170 6171 
1524 1526 1485 1565 
6130 6131 6085 6205 
0
6092 6093 6172 6173 
1525 1527 1486 1566 
6132 6133 6086 6206 
0
6094 6095 6174 6175 
1526 1528 1487 1567 
6134 6135 6087 6207 
0
6096 6097 6176 6177 
1527 1529 1488 1568 
6136 6137 6088 6208 
0
6098 6099 6178 6179 
1528 1530 1489 1569 
6138 6139 6089 6209 
0
6100 6101 6180 6181 
1529 1531 1490 1570 
6140 6141 6090 6210 
0
6102 6103 6182 6183 
1530 1532 1491 1571 
6142 6143 6091 6211 
0
6104 6105 6184 6185 
1531 1533 1492 1572 
6144 6145 6092 6212 
0
6106 6107 6186 6187 
1532 1534 1493 1573 
6146 6147 6093 6213 
0
6108 6109 6188 6189 
1533 1535 1494 1574 
6148 6149 6094 6214 
0
6110 6111 6190 6191 
1534 1536 1495 1575 
6150 6151 6095 6215 
0
6112 6113 6192 6193 
1535 1537 1496 1576 
6152 6153 6096 6216 
0
6114 6115 6194 6195 
1536 1538 1497 1577 
6154 6155 6097 6217 
0
6116 6117 6196 6197 
1537 1539 1498 1578 
6156 6157 6098 6218 
0
6118 6119 6198 6199 
1538 1540 1499 1579 
6158 6159 6099 6219 
0
6120 6121 6200 6201 
1539 1541 1500 1580 
6160 6161 6100 6220 
0
6122 6123 6202 6203 
1540 1542 1501 1581 
6162 6163 6101 6221 
0
6124 6125 6204 6205 
1541 1543 1502 1582 
6164 6165 6102 6222 
0
6126 6127 6206 6207 
1542 1544 1503 1583 
6166 6167 6103 6223 
0
6128 6129 6208 6209 
1543 1545 1504 1584 
6168 6169 6104 6224 
0
6130 6131 6210 6211 
1544 1546 1505 1585 
6170 6171 6105 6225 
0
6132 6133 6212 6213 
1545 1547 1506 1586 
6172 6173 6106 6226 
0
6134 6135 6214 6215 
1546 1548 1507 1587 
6174 6175 6107 6227 
0
6136 6137 6216 6217 
1547 1549 1508 1588 
6176 6177 6108 6228 
0
6138 6139 6218 6219 
1548 1550 1509 1589 
6178 6179 6109 6229 
0
6140 6141 6220 6221 
1549 1551 1510 1590 
6180 6181 6110 6230 
0
6142 6143 6222 6223 
1550 1552 1511 1591 
6182 6183 6111 6231 
0
6144 6145 6224 6225 
1551 1553 1512 1592 
6184 6185 6112 6232 
0
6146 6147 6226 6227 
1552 1554 1513 1593 
6186 6187 6113 6233 
0
6148 6149 6228 6229 
1553 1555 1514 1594 
6188 6189 6114 6234 
0
6150 6151 6230 6231 
1554 1556 1515 1595 
6190 6191 6115 6235 
0
6152 6153 6232 6233 
1555 1557 1516 1596 
6192 6193 6116 6236 
0
6154 6155 6234 6235 
1556 1558 1517 1597 
6194 6195 6117 6237 
0
6156 6157 6236 6237 
1557 1559 1518 1598 
6196 6197 6118 6238 
0
6158 6159 6238 6239 
1558 -1 1519 1599 
6198 6199 6119 6239 
0
6240 6241 6320 6321 
-1 1561 1520 -1 
6280 6281 6240 6360 
0
6242 6243 6322 6323 
1560 1562 1521 -1 
6282 6283 6241 6361 
0
6244 6245 6324 6325 
1561 1563 1522 -1 
6284 6285 6242 6362 
0
6246 6247 6326 6327 
1562 1564 1523 -1 
6286 6287 6243 6363 
0
6248 6249 6328 6329 
1563 1565 1524 -1 
6288 6289 6244 6364 
0
6250 6251 6330 6331 
1564 1566 1525 -1 
6290 6291 6245 6365 
0
6252 6253 6332 6333 
1565 1567 1526 -1 
6292 6293 6246 6366 
0
6254 6255 6334 6335 
1566 1568 1527 -1 
6294 6295 6247 6367 
0
6256 6257 6336 6337 
1567 1569 1528 -1 
6296 6297 6248 6368 
0
6258 6259 6338 6339 
1568 1570 1529 -1 
6298 6299 6249 6369 
0
6260 6261 6340 6341 
1569 1571 1530 -1 
6300 6301 6250 6370 
0
6262 6263 6342 6343 
1570 1572 1531 -1 
6302 6303 6251 6371 
0
6264 6265 6344 6345 
1571 1573 1532 -1 
6304 6305 6252 6372 
0
6266 6267 6346 6347 
1572 1574 1533 -1 
6306 6307 6253 6373 
0
6268 6269 6348 6349 
1573 1575 1534 -1 
6308 6309 6254 6374 
0
6270 6271 6350 6351 
1574 1576 1535 -1 
6310 6311 6255 6375 
0
6272 6273 6352 6353 
1575 1577 1536 -1 
6312 6313 6256 6376 
0
6274 6275 6354 6355 
1576 1578 1537 -1 
6314 6315 6257 6377 
0
6276 6277 6356 6357 
1577 1579 1538 -1 
6316 6317 6258 6378 
0
6278 6279 6358 6359 
1578 1580 1539 -1 
6318 6319 6259 6379 
0
6280 6281 6360 6361 
1579 1581 1540 -1 
6320 6321 6260 6380 
0
6282 6283 6362 6363 
1580 1582 1541 -1 
6322 6323 6261 6381 
0
6284 6285 6364 6365 
1581 1583 1542 -1 
6324 6325 6262 6382 
0
6286 6287 6366 6367 
1582 1584 1543 -1 
6326 6327 6263 6383 
0
6288 6289 6368 6369 
1583 1585 1544 -1 
6328 6329 6264 6384 
0
6290 6291 6370 6371 
1584 1586 1545 -1 
6330 6331 6265 6385 
0
6292 6293 6372 6373 
1585 1587 1546 -1 
6332 6333 6266 6386 
0
6294 6295 6374 6375 
1586 1588 1547 -1 
6334 6335 6267 6387 
0
6296 6297 6376 6377 
1587 1589 1548 -1 
6336 6337 6268 6388 
0
6298 6299 6378 6379 
1588 1590 1549 -1 
6338 6339 6269 6389 
0
6300 6301 6380 6381 
1589 1591 1550 -1 
6340 6341 6270 6390 
0
6302 6303 6382 6383 
1590 1592 1551 -1 
6342 6343 6271 6391 
0
6304 6305 6384 6385 
1591 1593 1552 -1 
6344 6345 6272 6392 
0
6306 6307 6386 6387 
1592 1594 1553 -1 
6346 6347 6273 6393 
0
6308 6309 6388 6389 
1593 1595 1554 -1 
6348 6349 6274 6394 
0
6310 6311 6390 6391 
1594 1596 1555 -1 
6350 6351 6275 6395 
0
6312 6313 6392 6393 
1595 1597 1556 -1 
6352 6353 6276 6396 
0
6314 6315 6394 6395 
1596 1598 1557 -1 
6354 6355 6277 6397 
0
6316 6317 6396 6397 
1597 1599 1558 -1 
6356 6357 6278 6398 
0
6318 6319 6398 6399 
1598 -1 1559 -1 
6358 6359 6279 6399 
