0
0 1 2 72 73 74 144 145 146 
-1 1 -1 24 
0
3 4 5 75 76 77 147 148 149 
0 2 -1 25 
0
6 7 8 78 79 80 150 151 152 
1 3 -1 26 
0
9 10 11 81 82 83 153 154 155 
2 4 -1 27 
0
12 13 14 84 85 86 156 157 158 
3 5 -1 28 
0
15 16 17 87 88 89 159 160 161 
4 6 -1 29 
0
18 19 20 90 91 92 162 163 164 
5 7 -1 30 
0
21 22 23 93 94 95 165 166 167 
6 8 -1 31 
0
24 25 26 96 97 98 168 169 170 
7 9 -1 32 
0
27 28 29 99 100 101 171 172 173 
8 10 -1 33 
0
30 31 32 102 103 104 174 175 176 
9 11 -1 34 
0
33 34 35 105 106 107 177 178 179 
10 12 -1 35 
0
36 37 38 108 109 110 180 181 182 
11 13 -1 36 
0
39 40 41 111 112 113 183 184 185 
12 14 -1 37 
0
42 43 44 114 115 116 186 187 188 
13 15 -1 38 
0
45 46 47 117 118 119 189 190 191 
14 16 -1 39 
0
48 49 50 120 121 122 192 193 194 
15 17 -1 40 
0
51 52 53 123 124 125 195 196 197 
16 18 -1 41 
0
54 55 56 126 127 128 198 199 200 
17 19 -1 42 
0
57 58 59 129 130 131 201 202 203 
18 20 -1 43 
0
60 61 62 132 133 134 204 205 206 
19 21 -1 44 
0
63 64 65 135 136 137 207 208 209 
20 22 -1 45 
0
66 67 68 138 139 140 210 211 212 
21 23 -1 46 
0
69 70 71 141 142 143 213 214 215 
22 -1 -1 47 
0
216 217 218 288 289 290 360 361 362 
-1 25 0 48 
0
219 220 221 291 292 293 363 364 365 
24 26 1 49 
0
222 223 224 294 295 296 366 367 368 
25 27 2 50 
0
225 226 227 297 298 299 369 370 371 
26 28 3 51 
0
228 229 230 300 301 302 372 373 374 
27 29 4 52 
0
231 232 233 303 304 305 375 376 377 
28 30 5 53 
0
234 235 236 306 307 308 378 379 380 
29 31 6 54 
0
237 238 239 309 310 311 381 382 383 
30 32 7 55 
0
240 241 242 312 313 314 384 385 386 
31 33 8 56 
0
243 244 245 315 316 317 387 388 389 
32 34 9 57 
0
246 247 248 318 319 320 390 391 392 
33 35 10 58 
0
249 250 251 321 322 323 393 394 395 
34 36 11 59 
0
252 253 254 324 325 326 396 397 398 
35 37 12 60 
0
255 256 257 327 328 329 399 400 401 
36 38 13 61 
0
258 259 260 330 331 332 402 403 404 
37 39 14 62 
0
261 262 263 333 334 335 405 406 407 
38 40 15 63 
0
264 265 266 336 337 338 408 409 410 
39 41 16 64 
0
267 268 269 339 340 341 411 412 413 
40 42 17 65 
0
270 271 272 342 343 344 414 415 416 
41 43 18 66 
0
273 274 275 345 346 347 417 418 419 
42 44 19 67 
0
276 277 278 348 349 350 420 421 422 
43 45 20 68 
0
279 280 281 351 352 353 423 424 425 
44 46 21 69 
0
282 283 284 354 355 356 426 427 428 
45 47 22 70 
0
285 286 287 357 358 359 429 430 431 
46 -1 23 71 
0
432 433 434 504 505 506 576 577 578 
-1 49 24 72 
0
435 436 437 507 508 509 579 580 581 
48 50 25 73 
0
438 439 440 510 511 512 582 583 584 
49 51 26 74 
0
441 442 443 513 514 515 585 586 587 
50 52 27 75 
0
444 445 446 516 517 518 588 589 590 
51 53 28 76 
0
447 448 449 519 520 521 591 592 593 
52 54 29 77 
0
450 451 452 522 523 524 594 595 596 
53 55 30 78 
0
453 454 455 525 526 527 597 598 599 
54 56 31 79 
0
456 457 458 528 529 530 600 601 602 
55 57 32 80 
0
459 460 461 531 532 533 603 604 605 
56 58 33 81 
0
462 463 464 534 535 536 606 607 608 
57 59 34 82 
0
465 466 467 537 538 539 609 610 611 
58 60 35 83 
0
468 469 470 540 541 542 612 613 614 
59 61 36 84 
0
471 472 473 543 544 545 615 616 617 
60 62 37 85 
0
474 475 476 546 547 548 618 619 620 
61 63 38 86 
0
477 478 479 549 550 551 621 622 623 
62 64 39 87 
0
480 481 482 552 553 554 624 625 626 
63 65 40 88 
0
483 484 485 555 556 557 627 628 629 
64 66 41 89 
0
486 487 488 558 559 560 630 631 632 
65 67 42 90 
0
489 490 491 561 562 563 633 634 635 
66 68 43 91 
0
492 493 494 564 565 566 636 637 638 
67 69 44 92 
0
495 496 497 567 568 569 639 640 641 
68 70 45 93 
0
498 499 500 570 571 572 642 643 644 
69 71 46 94 
0
501 502 503 573 574 575 645 646 647 
70 -1 47 95 
0
648 649 650 720 721 722 792 793 794 
-1 73 48 96 
0
651 652 653 723 724 725 795 796 797 
72 74 49 97 
0
654 655 656 726 727 728 798 799 800 
73 75 50 98 
0
657 658 659 729 730 731 801 802 803 
74 76 51 99 
0
660 661 662 732 733 734 804 805 806 
75 77 52 100 
0
663 664 665 735 736 737 807 808 809 
76 78 53 101 
0
666 667 668 738 739 740 810 811 812 
77 79 54 102 
0
669 670 671 741 742 743 813 814 815 
78 80 55 103 
0
672 673 674 744 745 746 816 817 818 
79 81 56 104 
0
675 676 677 747 748 749 819 820 821 
80 82 57 105 
0
678 679 680 750 751 752 822 823 824 
81 83 58 106 
0
681 682 683 753 754 755 825 826 827 
82 84 59 107 
0
684 685 686 756 757 758 828 829 830 
83 85 60 108 
0
687 688 689 759 760 761 831 832 833 
84 86 61 109 
0
690 691 692 762 763 764 834 835 836 
85 87 62 110 
0
693 694 695 765 766 767 837 838 839 
86 88 63 111 
0
696 697 698 768 769 770 840 841 842 
87 89 64 112 
0
699 700 701 771 772 773 843 844 845 
88 90 65 113 
0
702 703 704 774 775 776 846 847 848 
89 91 66 114 
0
705 706 707 777 778 779 849 850 851 
90 92 67 115 
0
708 709 710 780 781 782 852 853 854 
91 93 68 116 
0
711 712 713 783 784 785 855 856 857 
92 94 69 117 
0
714 715 716 786 787 788 858 859 860 
93 95 70 118 
0
717 718 719 789 790 791 861 862 863 
94 -1 71 119 
0
864 865 866 936 937 938 1008 1009 1010 
-1 97 72 120 
0
867 868 869 939 940 941 1011 1012 1013 
96 98 73 121 
0
870 871 872 942 943 944 1014 1015 1016 
97 99 74 122 
0
873 874 875 945 946 947 1017 1018 1019 
98 100 75 123 
0
876 877 878 948 949 950 1020 1021 1022 
99 101 76 124 
0
879 880 881 951 952 953 1023 1024 1025 
100 102 77 125 
0
882 883 884 954 955 956 1026 1027 1028 
101 103 78 126 
0
885 886 887 957 958 959 1029 1030 1031 
102 104 79 127 
0
888 889 890 960 961 962 1032 1033 1034 
103 105 80 128 
0
891 892 893 963 964 965 1035 1036 1037 
104 106 81 129 
0
894 895 896 966 967 968 1038 1039 1040 
105 107 82 130 
0
897 898 899 969 970 971 1041 1042 1043 
106 108 83 131 
0
900 901 902 972 973 974 1044 1045 1046 
107 109 84 132 
0
903 904 905 975 976 977 1047 1048 1049 
108 110 85 133 
0
906 907 908 978 979 980 1050 1051 1052 
109 111 86 134 
0
909 910 911 981 982 983 1053 1054 1055 
110 112 87 135 
0
912 913 914 984 985 986 1056 1057 1058 
111 113 88 136 
0
915 916 917 987 988 989 1059 1060 1061 
112 114 89 137 
0
918 919 920 990 991 992 1062 1063 1064 
113 115 90 138 
0
921 922 923 993 994 995 1065 1066 1067 
114 116 91 139 
0
924 925 926 996 997 998 1068 1069 1070 
115 117 92 140 
0
927 928 929 999 1000 1001 1071 1072 1073 
116 118 93 141 
0
930 931 932 1002 1003 1004 1074 1075 1076 
117 119 94 142 
0
933 934 935 1005 1006 1007 1077 1078 1079 
118 -1 95 143 
0
1080 1081 1082 1152 1153 1154 1224 1225 1226 
-1 121 96 144 
0
1083 1084 1085 1155 1156 1157 1227 1228 1229 
120 122 97 145 
0
1086 1087 1088 1158 1159 1160 1230 1231 1232 
121 123 98 146 
0
1089 1090 1091 1161 1162 1163 1233 1234 1235 
122 124 99 147 
0
1092 1093 1094 1164 1165 1166 1236 1237 1238 
123 125 100 148 
0
1095 1096 1097 1167 1168 1169 1239 1240 1241 
124 126 101 149 
0
1098 1099 1100 1170 1171 1172 1242 1243 1244 
125 127 102 150 
0
1101 1102 1103 1173 1174 1175 1245 1246 1247 
126 128 103 151 
0
1104 1105 1106 1176 1177 1178 1248 1249 1250 
127 129 104 152 
0
1107 1108 1109 1179 1180 1181 1251 1252 1253 
128 130 105 153 
0
1110 1111 1112 1182 1183 1184 1254 1255 1256 
129 131 106 154 
0
1113 1114 1115 1185 1186 1187 1257 1258 1259 
130 132 107 155 
0
1116 1117 1118 1188 1189 1190 1260 1261 1262 
131 133 108 156 
0
1119 1120 1121 1191 1192 1193 1263 1264 1265 
132 134 109 157 
0
1122 1123 1124 1194 1195 1196 1266 1267 1268 
133 135 110 158 
0
1125 1126 1127 1197 1198 1199 1269 1270 1271 
134 136 111 159 
0
1128 1129 1130 1200 1201 1202 1272 1273 1274 
135 137 112 160 
0
1131 1132 1133 1203 1204 1205 1275 1276 1277 
136 138 113 161 
0
1134 1135 1136 1206 1207 1208 1278 1279 1280 
137 139 114 162 
0
1137 1138 1139 1209 1210 1211 1281 1282 1283 
138 140 115 163 
0
1140 1141 1142 1212 1213 1214 1284 1285 1286 
139 141 116 164 
0
1143 1144 1145 1215 1216 1217 1287 1288 1289 
140 142 117 165 
0
1146 1147 1148 1218 1219 1220 1290 1291 1292 
141 143 118 166 
0
1149 1150 1151 1221 1222 1223 1293 1294 1295 
142 -1 119 167 
0
1296 1297 1298 1368 1369 1370 1440 1441 1442 
-1 145 120 168 
0
1299 1300 1301 1371 1372 1373 1443 1444 1445 
144 146 121 169 
0
1302 1303 1304 1374 1375 1376 1446 1447 1448 
145 147 122 170 
0
1305 1306 1307 1377 1378 1379 1449 1450 1451 
146 148 123 171 
0
1308 1309 1310 1380 1381 1382 1452 1453 1454 
147 149 124 172 
0
1311 1312 1313 1383 1384 1385 1455 1456 1457 
148 150 125 173 
0
1314 1315 1316 1386 1387 1388 1458 1459 1460 
149 151 126 174 
0
1317 1318 1319 1389 1390 1391 1461 1462 1463 
150 152 127 175 
0
1320 1321 1322 1392 1393 1394 1464 1465 1466 
151 153 128 176 
0
1323 1324 1325 1395 1396 1397 1467 1468 1469 
152 154 129 177 
0
1326 1327 1328 1398 1399 1400 1470 1471 1472 
153 155 130 178 
0
1329 1330 1331 1401 1402 1403 1473 1474 1475 
154 156 131 179 
0
1332 1333 1334 1404 1405 1406 1476 1477 1478 
155 157 132 180 
0
1335 1336 1337 1407 1408 1409 1479 1480 1481 
156 158 133 181 
0
1338 1339 1340 1410 1411 1412 1482 1483 1484 
157 159 134 182 
0
1341 1342 1343 1413 1414 1415 1485 1486 1487 
158 160 135 183 
0
1344 1345 1346 1416 1417 1418 1488 1489 1490 
159 161 136 184 
0
1347 1348 1349 1419 1420 1421 1491 1492 1493 
160 162 137 185 
0
1350 1351 1352 1422 1423 1424 1494 1495 1496 
161 163 138 186 
0
1353 1354 1355 1425 1426 1427 1497 1498 1499 
162 164 139 187 
0
1356 1357 1358 1428 1429 1430 1500 1501 1502 
163 165 140 188 
0
1359 1360 1361 1431 1432 1433 1503 1504 1505 
164 166 141 189 
0
1362 1363 1364 1434 1435 1436 1506 1507 1508 
165 167 142 190 
0
1365 1366 1367 1437 1438 1439 1509 1510 1511 
166 -1 143 191 
0
1512 1513 1514 1584 1585 1586 1656 1657 1658 
-1 169 144 192 
0
1515 1516 1517 1587 1588 1589 1659 1660 1661 
168 170 145 193 
0
1518 1519 1520 1590 1591 1592 1662 1663 1664 
169 171 146 194 
0
1521 1522 1523 1593 1594 1595 1665 1666 1667 
170 172 147 195 
0
1524 1525 1526 1596 1597 1598 1668 1669 1670 
171 173 148 196 
0
1527 1528 1529 1599 1600 1601 1671 1672 1673 
172 174 149 197 
0
1530 1531 1532 1602 1603 1604 1674 1675 1676 
173 175 150 198 
0
1533 1534 1535 1605 1606 1607 1677 1678 1679 
174 176 151 199 
0
1536 1537 1538 1608 1609 1610 1680 1681 1682 
175 177 152 200 
0
1539 1540 1541 1611 1612 1613 1683 1684 1685 
176 178 153 201 
0
1542 1543 1544 1614 1615 1616 1686 1687 1688 
177 179 154 202 
0
1545 1546 1547 1617 1618 1619 1689 1690 1691 
178 180 155 203 
0
1548 1549 1550 1620 1621 1622 1692 1693 1694 
179 181 156 204 
0
1551 1552 1553 1623 1624 1625 1695 1696 1697 
180 182 157 205 
0
1554 1555 1556 1626 1627 1628 1698 1699 1700 
181 183 158 206 
0
1557 1558 1559 1629 1630 1631 1701 1702 1703 
182 184 159 207 
0
1560 1561 1562 1632 1633 1634 1704 1705 1706 
183 185 160 208 
0
1563 1564 1565 1635 1636 1637 1707 1708 1709 
184 186 161 209 
0
1566 1567 1568 1638 1639 1640 1710 1711 1712 
185 187 162 210 
0
1569 1570 1571 1641 1642 1643 1713 1714 1715 
186 188 163 211 
0
1572 1573 1574 1644 1645 1646 1716 1717 1718 
187 189 164 212 
0
1575 1576 1577 1647 1648 1649 1719 1720 1721 
188 190 165 213 
0
1578 1579 1580 1650 1651 1652 1722 1723 1724 
189 191 166 214 
0
1581 1582 1583 1653 1654 1655 1725 1726 1727 
190 -1 167 215 
0
1728 1729 1730 1800 1801 1802 1872 1873 1874 
-1 193 168 216 
0
1731 1732 1733 1803 1804 1805 1875 1876 1877 
192 194 169 217 
0
1734 1735 1736 1806 1807 1808 1878 1879 1880 
193 195 170 218 
0
1737 1738 1739 1809 1810 1811 1881 1882 1883 
194 196 171 219 
0
1740 1741 1742 1812 1813 1814 1884 1885 1886 
195 197 172 220 
0
1743 1744 1745 1815 1816 1817 1887 1888 1889 
196 198 173 221 
0
1746 1747 1748 1818 1819 1820 1890 1891 1892 
197 199 174 222 
0
1749 1750 1751 1821 1822 1823 1893 1894 1895 
198 200 175 223 
0
1752 1753 1754 1824 1825 1826 1896 1897 1898 
199 201 176 224 
0
1755 1756 1757 1827 1828 1829 1899 1900 1901 
200 202 177 225 
0
1758 1759 1760 1830 1831 1832 1902 1903 1904 
201 203 178 226 
0
1761 1762 1763 1833 1834 1835 1905 1906 1907 
202 204 179 227 
0
1764 1765 1766 1836 1837 1838 1908 1909 1910 
203 205 180 228 
0
1767 1768 1769 1839 1840 1841 1911 1912 1913 
204 206 181 229 
0
1770 1771 1772 1842 1843 1844 1914 1915 1916 
205 207 182 230 
0
1773 1774 1775 1845 1846 1847 1917 1918 1919 
206 208 183 231 
0
1776 1777 1778 1848 1849 1850 1920 1921 1922 
207 209 184 232 
0
1779 1780 1781 1851 1852 1853 1923 1924 1925 
208 210 185 233 
0
1782 1783 1784 1854 1855 1856 1926 1927 1928 
209 211 186 234 
0
1785 1786 1787 1857 1858 1859 1929 1930 1931 
210 212 187 235 
0
1788 1789 1790 1860 1861 1862 1932 1933 1934 
211 213 188 236 
0
1791 1792 1793 1863 1864 1865 1935 1936 1937 
212 214 189 237 
0
1794 1795 1796 1866 1867 1868 1938 1939 1940 
213 215 190 238 
0
1797 1798 1799 1869 1870 1871 1941 1942 1943 
214 -1 191 239 
0
1944 1945 1946 2016 2017 2018 2088 2089 2090 
-1 217 192 240 
0
1947 1948 1949 2019 2020 2021 2091 2092 2093 
216 218 193 241 
0
1950 1951 1952 2022 2023 2024 2094 2095 2096 
217 219 194 242 
0
1953 1954 1955 2025 2026 2027 2097 2098 2099 
218 220 195 243 
0
1956 1957 1958 2028 2029 2030 2100 2101 2102 
219 221 196 244 
0
1959 1960 1961 2031 2032 2033 2103 2104 2105 
220 222 197 245 
0
1962 1963 1964 2034 2035 2036 2106 2107 2108 
221 223 198 246 
0
1965 1966 1967 2037 2038 2039 2109 2110 2111 
222 224 199 247 
0
1968 1969 1970 2040 2041 2042 2112 2113 2114 
223 225 200 248 
0
1971 1972 1973 2043 2044 2045 2115 2116 2117 
224 226 201 249 
0
1974 1975 1976 2046 2047 2048 2118 2119 2120 
225 227 202 250 
0
1977 1978 1979 2049 2050 2051 2121 2122 2123 
226 228 203 251 
0
1980 1981 1982 2052 2053 2054 2124 2125 2126 
227 229 204 252 
0
1983 1984 1985 2055 2056 2057 2127 2128 2129 
228 230 205 253 
0
1986 1987 1988 2058 2059 2060 2130 2131 2132 
229 231 206 254 
0
1989 1990 1991 2061 2062 2063 2133 2134 2135 
230 232 207 255 
0
1992 1993 1994 2064 2065 2066 2136 2137 2138 
231 233 208 256 
0
1995 1996 1997 2067 2068 2069 2139 2140 2141 
232 234 209 257 
0
1998 1999 2000 2070 2071 2072 2142 2143 2144 
233 235 210 258 
0
2001 2002 2003 2073 2074 2075 2145 2146 2147 
234 236 211 259 
0
2004 2005 2006 2076 2077 2078 2148 2149 2150 
235 237 212 260 
0
2007 2008 2009 2079 2080 2081 2151 2152 2153 
236 238 213 261 
0
2010 2011 2012 2082 2083 2084 2154 2155 2156 
237 239 214 262 
0
2013 2014 2015 2085 2086 2087 2157 2158 2159 
238 -1 215 263 
0
2160 2161 2162 2232 2233 2234 2304 2305 2306 
-1 241 216 264 
0
2163 2164 2165 2235 2236 2237 2307 2308 2309 
240 242 217 265 
0
2166 2167 2168 2238 2239 2240 2310 2311 2312 
241 243 218 266 
0
2169 2170 2171 2241 2242 2243 2313 2314 2315 
242 244 219 267 
0
2172 2173 2174 2244 2245 2246 2316 2317 2318 
243 245 220 268 
0
2175 2176 2177 2247 2248 2249 2319 2320 2321 
244 246 221 269 
0
2178 2179 2180 2250 2251 2252 2322 2323 2324 
245 247 222 270 
0
2181 2182 2183 2253 2254 2255 2325 2326 2327 
246 248 223 271 
0
2184 2185 2186 2256 2257 2258 2328 2329 2330 
247 249 224 272 
0
2187 2188 2189 2259 2260 2261 2331 2332 2333 
248 250 225 273 
0
2190 2191 2192 2262 2263 2264 2334 2335 2336 
249 251 226 274 
0
2193 2194 2195 2265 2266 2267 2337 2338 2339 
250 252 227 275 
0
2196 2197 2198 2268 2269 2270 2340 2341 2342 
251 253 228 276 
0
2199 2200 2201 2271 2272 2273 2343 2344 2345 
252 254 229 277 
0
2202 2203 2204 2274 2275 2276 2346 2347 2348 
253 255 230 278 
0
2205 2206 2207 2277 2278 2279 2349 2350 2351 
254 256 231 279 
0
2208 2209 2210 2280 2281 2282 2352 2353 2354 
255 257 232 280 
0
2211 2212 2213 2283 2284 2285 2355 2356 2357 
256 258 233 281 
0
2214 2215 2216 2286 2287 2288 2358 2359 2360 
257 259 234 282 
0
2217 2218 2219 2289 2290 2291 2361 2362 2363 
258 260 235 283 
0
2220 2221 2222 2292 2293 2294 2364 2365 2366 
259 261 236 284 
0
2223 2224 2225 2295 2296 2297 2367 2368 2369 
260 262 237 285 
0
2226 2227 2228 2298 2299 2300 2370 2371 2372 
261 263 238 286 
0
2229 2230 2231 2301 2302 2303 2373 2374 2375 
262 -1 239 287 
0
2376 2377 2378 2448 2449 2450 2520 2521 2522 
-1 265 240 288 
0
2379 2380 2381 2451 2452 2453 2523 2524 2525 
264 266 241 289 
0
2382 2383 2384 2454 2455 2456 2526 2527 2528 
265 267 242 290 
0
2385 2386 2387 2457 2458 2459 2529 2530 2531 
266 268 243 291 
0
2388 2389 2390 2460 2461 2462 2532 2533 2534 
267 269 244 292 
0
2391 2392 2393 2463 2464 2465 2535 2536 2537 
268 270 245 293 
0
2394 2395 2396 2466 2467 2468 2538 2539 2540 
269 271 246 294 
0
2397 2398 2399 2469 2470 2471 2541 2542 2543 
270 272 247 295 
0
2400 2401 2402 2472 2473 2474 2544 2545 2546 
271 273 248 296 
0
2403 2404 2405 2475 2476 2477 2547 2548 2549 
272 274 249 297 
0
2406 2407 2408 2478 2479 2480 2550 2551 2552 
273 275 250 298 
0
2409 2410 2411 2481 2482 2483 2553 2554 2555 
274 276 251 299 
0
2412 2413 2414 2484 2485 2486 2556 2557 2558 
275 277 252 300 
0
2415 2416 2417 2487 2488 2489 2559 2560 2561 
276 278 253 301 
0
2418 2419 2420 2490 2491 2492 2562 2563 2564 
277 279 254 302 
0
2421 2422 2423 2493 2494 2495 2565 2566 2567 
278 280 255 303 
0
2424 2425 2426 2496 2497 2498 2568 2569 2570 
279 281 256 304 
0
2427 2428 2429 2499 2500 2501 2571 2572 2573 
280 282 257 305 
0
2430 2431 2432 2502 2503 2504 2574 2575 2576 
281 283 258 306 
0
2433 2434 2435 2505 2506 2507 2577 2578 2579 
282 284 259 307 
0
2436 2437 2438 2508 2509 2510 2580 2581 2582 
283 285 260 308 
0
2439 2440 2441 2511 2512 2513 2583 2584 2585 
284 286 261 309 
0
2442 2443 2444 2514 2515 2516 2586 2587 2588 
285 287 262 310 
0
2445 2446 2447 2517 2518 2519 2589 2590 2591 
286 -1 263 311 
1
2592 2593 2594 2664 2665 2666 2736 2737 2738 
-1 289 264 312 
1
2595 2596 2597 2667 2668 2669 2739 2740 2741 
288 290 265 313 
1
2598 2599 2600 2670 2671 2672 2742 2743 2744 
289 291 266 314 
1
2601 2602 2603 2673 2674 2675 2745 2746 2747 
290 292 267 315 
1
2604 2605 2606 2676 2677 2678 2748 2749 2750 
291 293 268 316 
1
2607 2608 2609 2679 2680 2681 2751 2752 2753 
292 294 269 317 
1
2610 2611 2612 2682 2683 2684 2754 2755 2756 
293 295 270 318 
1
2613 2614 2615 2685 2686 2687 2757 2758 2759 
294 296 271 319 
1
2616 2617 2618 2688 2689 2690 2760 2761 2762 
295 297 272 320 
1
2619 2620 2621 2691 2692 2693 2763 2764 2765 
296 298 273 321 
1
2622 2623 2624 2694 2695 2696 2766 2767 2768 
297 299 274 322 
1
2625 2626 2627 2697 2698 2699 2769 2770 2771 
298 300 275 323 
1
2628 2629 2630 2700 2701 2702 2772 2773 2774 
299 301 276 324 
1
2631 2632 2633 2703 2704 2705 2775 2776 2777 
300 302 277 325 
1
2634 2635 2636 2706 2707 2708 2778 2779 2780 
301 303 278 326 
1
2637 2638 2639 2709 2710 2711 2781 2782 2783 
302 304 279 327 
1
2640 2641 2642 2712 2713 2714 2784 2785 2786 
303 305 280 328 
1
2643 2644 2645 2715 2716 2717 2787 2788 2789 
304 306 281 329 
1
2646 2647 2648 2718 2719 2720 2790 2791 2792 
305 307 282 330 
1
2649 2650 2651 2721 2722 2723 2793 2794 2795 
306 308 283 331 
1
2652 2653 2654 2724 2725 2726 2796 2797 2798 
307 309 284 332 
1
2655 2656 2657 2727 2728 2729 2799 2800 2801 
308 310 285 333 
1
2658 2659 2660 2730 2731 2732 2802 2803 2804 
309 311 286 334 
1
2661 2662 2663 2733 2734 2735 2805 2806 2807 
310 -1 287 335 
1
2808 2809 2810 2880 2881 2882 2952 2953 2954 
-1 313 288 336 
1
2811 2812 2813 2883 2884 2885 2955 2956 2957 
312 314 289 337 
1
2814 2815 2816 2886 2887 2888 2958 2959 2960 
313 315 290 338 
1
2817 2818 2819 2889 2890 2891 2961 2962 2963 
314 316 291 339 
1
2820 2821 2822 2892 2893 2894 2964 2965 2966 
315 317 292 340 
1
2823 2824 2825 2895 2896 2897 2967 2968 2969 
316 318 293 341 
1
2826 2827 2828 2898 2899 2900 2970 2971 2972 
317 319 294 342 
1
2829 2830 2831 2901 2902 2903 2973 2974 2975 
318 320 295 343 
1
2832 2833 2834 2904 2905 2906 2976 2977 2978 
319 321 296 344 
1
2835 2836 2837 2907 2908 2909 2979 2980 2981 
320 322 297 345 
1
2838 2839 2840 2910 2911 2912 2982 2983 2984 
321 323 298 346 
1
2841 2842 2843 2913 2914 2915 2985 2986 2987 
322 324 299 347 
1
2844 2845 2846 2916 2917 2918 2988 2989 2990 
323 325 300 348 
1
2847 2848 2849 2919 2920 2921 2991 2992 2993 
324 326 301 349 
1
2850 2851 2852 2922 2923 2924 2994 2995 2996 
325 327 302 350 
1
2853 2854 2855 2925 2926 2927 2997 2998 2999 
326 328 303 351 
1
2856 2857 2858 2928 2929 2930 3000 3001 3002 
327 329 304 352 
1
2859 2860 2861 2931 2932 2933 3003 3004 3005 
328 330 305 353 
1
2862 2863 2864 2934 2935 2936 3006 3007 3008 
329 331 306 354 
1
2865 2866 2867 2937 2938 2939 3009 3010 3011 
330 332 307 355 
1
2868 2869 2870 2940 2941 2942 3012 3013 3014 
331 333 308 356 
1
2871 2872 2873 2943 2944 2945 3015 3016 3017 
332 334 309 357 
1
2874 2875 2876 2946 2947 2948 3018 3019 3020 
333 335 310 358 
1
2877 2878 2879 2949 2950 2951 3021 3022 3023 
334 -1 311 359 
1
3024 3025 3026 3096 3097 3098 3168 3169 3170 
-1 337 312 360 
1
3027 3028 3029 3099 3100 3101 3171 3172 3173 
336 338 313 361 
1
3030 3031 3032 3102 3103 3104 3174 3175 3176 
337 339 314 362 
1
3033 3034 3035 3105 3106 3107 3177 3178 3179 
338 340 315 363 
1
3036 3037 3038 3108 3109 3110 3180 3181 3182 
339 341 316 364 
1
3039 3040 3041 3111 3112 3113 3183 3184 3185 
340 342 317 365 
1
3042 3043 3044 3114 3115 3116 3186 3187 3188 
341 343 318 366 
1
3045 3046 3047 3117 3118 3119 3189 3190 3191 
342 344 319 367 
1
3048 3049 3050 3120 3121 3122 3192 3193 3194 
343 345 320 368 
1
3051 3052 3053 3123 3124 3125 3195 3196 3197 
344 346 321 369 
1
3054 3055 3056 3126 3127 3128 3198 3199 3200 
345 347 322 370 
1
3057 3058 3059 3129 3130 3131 3201 3202 3203 
346 348 323 371 
1
3060 3061 3062 3132 3133 3134 3204 3205 3206 
347 349 324 372 
1
3063 3064 3065 3135 3136 3137 3207 3208 3209 
348 350 325 373 
1
3066 3067 3068 3138 3139 3140 3210 3211 3212 
349 351 326 374 
1
3069 3070 3071 3141 3142 3143 3213 3214 3215 
350 352 327 375 
1
3072 3073 3074 3144 3145 3146 3216 3217 3218 
351 353 328 376 
1
3075 3076 3077 3147 3148 3149 3219 3220 3221 
352 354 329 377 
1
3078 3079 3080 3150 3151 3152 3222 3223 3224 
353 355 330 378 
1
3081 3082 3083 3153 3154 3155 3225 3226 3227 
354 356 331 379 
1
3084 3085 3086 3156 3157 3158 3228 3229 3230 
355 357 332 380 
1
3087 3088 3089 3159 3160 3161 3231 3232 3233 
356 358 333 381 
1
3090 3091 3092 3162 3163 3164 3234 3235 3236 
357 359 334 382 
1
3093 3094 3095 3165 3166 3167 3237 3238 3239 
358 -1 335 383 
1
3240 3241 3242 3312 3313 3314 3384 3385 3386 
-1 361 336 384 
1
3243 3244 3245 3315 3316 3317 3387 3388 3389 
360 362 337 385 
1
3246 3247 3248 3318 3319 3320 3390 3391 3392 
361 363 338 386 
1
3249 3250 3251 3321 3322 3323 3393 3394 3395 
362 364 339 387 
1
3252 3253 3254 3324 3325 3326 3396 3397 3398 
363 365 340 388 
1
3255 3256 3257 3327 3328 3329 3399 3400 3401 
364 366 341 389 
1
3258 3259 3260 3330 3331 3332 3402 3403 3404 
365 367 342 390 
1
3261 3262 3263 3333 3334 3335 3405 3406 3407 
366 368 343 391 
1
3264 3265 3266 3336 3337 3338 3408 3409 3410 
367 369 344 392 
1
3267 3268 3269 3339 3340 3341 3411 3412 3413 
368 370 345 393 
1
3270 3271 3272 3342 3343 3344 3414 3415 3416 
369 371 346 394 
1
3273 3274 3275 3345 3346 3347 3417 3418 3419 
370 372 347 395 
1
3276 3277 3278 3348 3349 3350 3420 3421 3422 
371 373 348 396 
1
3279 3280 3281 3351 3352 3353 3423 3424 3425 
372 374 349 397 
1
3282 3283 3284 3354 3355 3356 3426 3427 3428 
373 375 350 398 
1
3285 3286 3287 3357 3358 3359 3429 3430 3431 
374 376 351 399 
1
3288 3289 3290 3360 3361 3362 3432 3433 3434 
375 377 352 400 
1
3291 3292 3293 3363 3364 3365 3435 3436 3437 
376 378 353 401 
1
3294 3295 3296 3366 3367 3368 3438 3439 3440 
377 379 354 402 
1
3297 3298 3299 3369 3370 3371 3441 3442 3443 
378 380 355 403 
1
3300 3301 3302 3372 3373 3374 3444 3445 3446 
379 381 356 404 
1
3303 3304 3305 3375 3376 3377 3447 3448 3449 
380 382 357 405 
1
3306 3307 3308 3378 3379 3380 3450 3451 3452 
381 383 358 406 
1
3309 3310 3311 3381 3382 3383 3453 3454 3455 
382 -1 359 407 
1
3456 3457 3458 3528 3529 3530 3600 3601 3602 
-1 385 360 408 
1
3459 3460 3461 3531 3532 3533 3603 3604 3605 
384 386 361 409 
1
3462 3463 3464 3534 3535 3536 3606 3607 3608 
385 387 362 410 
1
3465 3466 3467 3537 3538 3539 3609 3610 3611 
386 388 363 411 
1
3468 3469 3470 3540 3541 3542 3612 3613 3614 
387 389 364 412 
1
3471 3472 3473 3543 3544 3545 3615 3616 3617 
388 390 365 413 
1
3474 3475 3476 3546 3547 3548 3618 3619 3620 
389 391 366 414 
1
3477 3478 3479 3549 3550 3551 3621 3622 3623 
390 392 367 415 
1
3480 3481 3482 3552 3553 3554 3624 3625 3626 
391 393 368 416 
1
3483 3484 3485 3555 3556 3557 3627 3628 3629 
392 394 369 417 
1
3486 3487 3488 3558 3559 3560 3630 3631 3632 
393 395 370 418 
1
3489 3490 3491 3561 3562 3563 3633 3634 3635 
394 396 371 419 
1
3492 3493 3494 3564 3565 3566 3636 3637 3638 
395 397 372 420 
1
3495 3496 3497 3567 3568 3569 3639 3640 3641 
396 398 373 421 
1
3498 3499 3500 3570 3571 3572 3642 3643 3644 
397 399 374 422 
1
3501 3502 3503 3573 3574 3575 3645 3646 3647 
398 400 375 423 
1
3504 3505 3506 3576 3577 3578 3648 3649 3650 
399 401 376 424 
1
3507 3508 3509 3579 3580 3581 3651 3652 3653 
400 402 377 425 
1
3510 3511 3512 3582 3583 3584 3654 3655 3656 
401 403 378 426 
1
3513 3514 3515 3585 3586 3587 3657 3658 3659 
402 404 379 427 
1
3516 3517 3518 3588 3589 3590 3660 3661 3662 
403 405 380 428 
1
3519 3520 3521 3591 3592 3593 3663 3664 3665 
404 406 381 429 
1
3522 3523 3524 3594 3595 3596 3666 3667 3668 
405 407 382 430 
1
3525 3526 3527 3597 3598 3599 3669 3670 3671 
406 -1 383 431 
1
3672 3673 3674 3744 3745 3746 3816 3817 3818 
-1 409 384 432 
1
3675 3676 3677 3747 3748 3749 3819 3820 3821 
408 410 385 433 
1
3678 3679 3680 3750 3751 3752 3822 3823 3824 
409 411 386 434 
1
3681 3682 3683 3753 3754 3755 3825 3826 3827 
410 412 387 435 
1
3684 3685 3686 3756 3757 3758 3828 3829 3830 
411 413 388 436 
1
3687 3688 3689 3759 3760 3761 3831 3832 3833 
412 414 389 437 
1
3690 3691 3692 3762 3763 3764 3834 3835 3836 
413 415 390 438 
1
3693 3694 3695 3765 3766 3767 3837 3838 3839 
414 416 391 439 
1
3696 3697 3698 3768 3769 3770 3840 3841 3842 
415 417 392 440 
1
3699 3700 3701 3771 3772 3773 3843 3844 3845 
416 418 393 441 
1
3702 3703 3704 3774 3775 3776 3846 3847 3848 
417 419 394 442 
1
3705 3706 3707 3777 3778 3779 3849 3850 3851 
418 420 395 443 
1
3708 3709 3710 3780 3781 3782 3852 3853 3854 
419 421 396 444 
1
3711 3712 3713 3783 3784 3785 3855 3856 3857 
420 422 397 445 
1
3714 3715 3716 3786 3787 3788 3858 3859 3860 
421 423 398 446 
1
3717 3718 3719 3789 3790 3791 3861 3862 3863 
422 424 399 447 
1
3720 3721 3722 3792 3793 3794 3864 3865 3866 
423 425 400 448 
1
3723 3724 3725 3795 3796 3797 3867 3868 3869 
424 426 401 449 
1
3726 3727 3728 3798 3799 3800 3870 3871 3872 
425 427 402 450 
1
3729 3730 3731 3801 3802 3803 3873 3874 3875 
426 428 403 451 
1
3732 3733 3734 3804 3805 3806 3876 3877 3878 
427 429 404 452 
1
3735 3736 3737 3807 3808 3809 3879 3880 3881 
428 430 405 453 
1
3738 3739 3740 3810 3811 3812 3882 3883 3884 
429 431 406 454 
1
3741 3742 3743 3813 3814 3815 3885 3886 3887 
430 -1 407 455 
1
3888 3889 3890 3960 3961 3962 4032 4033 4034 
-1 433 408 456 
1
3891 3892 3893 3963 3964 3965 4035 4036 4037 
432 434 409 457 
1
3894 3895 3896 3966 3967 3968 4038 4039 4040 
433 435 410 458 
1
3897 3898 3899 3969 3970 3971 4041 4042 4043 
434 436 411 459 
1
3900 3901 3902 3972 3973 3974 4044 4045 4046 
435 437 412 460 
1
3903 3904 3905 3975 3976 3977 4047 4048 4049 
436 438 413 461 
1
3906 3907 3908 3978 3979 3980 4050 4051 4052 
437 439 414 462 
1
3909 3910 3911 3981 3982 3983 4053 4054 4055 
438 440 415 463 
1
3912 3913 3914 3984 3985 3986 4056 4057 4058 
439 441 416 464 
1
3915 3916 3917 3987 3988 3989 4059 4060 4061 
440 442 417 465 
1
3918 3919 3920 3990 3991 3992 4062 4063 4064 
441 443 418 466 
1
3921 3922 3923 3993 3994 3995 4065 4066 4067 
442 444 419 467 
1
3924 3925 3926 3996 3997 3998 4068 4069 4070 
443 445 420 468 
1
3927 3928 3929 3999 4000 4001 4071 4072 4073 
444 446 421 469 
1
3930 3931 3932 4002 4003 4004 4074 4075 4076 
445 447 422 470 
1
3933 3934 3935 4005 4006 4007 4077 4078 4079 
446 448 423 471 
1
3936 3937 3938 4008 4009 4010 4080 4081 4082 
447 449 424 472 
1
3939 3940 3941 4011 4012 4013 4083 4084 4085 
448 450 425 473 
1
3942 3943 3944 4014 4015 4016 4086 4087 4088 
449 451 426 474 
1
3945 3946 3947 4017 4018 4019 4089 4090 4091 
450 452 427 475 
1
3948 3949 3950 4020 4021 4022 4092 4093 4094 
451 453 428 476 
1
3951 3952 3953 4023 4024 4025 4095 4096 4097 
452 454 429 477 
1
3954 3955 3956 4026 4027 4028 4098 4099 4100 
453 455 430 478 
1
3957 3958 3959 4029 4030 4031 4101 4102 4103 
454 -1 431 479 
1
4104 4105 4106 4176 4177 4178 4248 4249 4250 
-1 457 432 480 
1
4107 4108 4109 4179 4180 4181 4251 4252 4253 
456 458 433 481 
1
4110 4111 4112 4182 4183 4184 4254 4255 4256 
457 459 434 482 
1
4113 4114 4115 4185 4186 4187 4257 4258 4259 
458 460 435 483 
1
4116 4117 4118 4188 4189 4190 4260 4261 4262 
459 461 436 484 
1
4119 4120 4121 4191 4192 4193 4263 4264 4265 
460 462 437 485 
1
4122 4123 4124 4194 4195 4196 4266 4267 4268 
461 463 438 486 
1
4125 4126 4127 4197 4198 4199 4269 4270 4271 
462 464 439 487 
1
4128 4129 4130 4200 4201 4202 4272 4273 4274 
463 465 440 488 
1
4131 4132 4133 4203 4204 4205 4275 4276 4277 
464 466 441 489 
1
4134 4135 4136 4206 4207 4208 4278 4279 4280 
465 467 442 490 
1
4137 4138 4139 4209 4210 4211 4281 4282 4283 
466 468 443 491 
1
4140 4141 4142 4212 4213 4214 4284 4285 4286 
467 469 444 492 
1
4143 4144 4145 4215 4216 4217 4287 4288 4289 
468 470 445 493 
1
4146 4147 4148 4218 4219 4220 4290 4291 4292 
469 471 446 494 
1
4149 4150 4151 4221 4222 4223 4293 4294 4295 
470 472 447 495 
1
4152 4153 4154 4224 4225 4226 4296 4297 4298 
471 473 448 496 
1
4155 4156 4157 4227 4228 4229 4299 4300 4301 
472 474 449 497 
1
4158 4159 4160 4230 4231 4232 4302 4303 4304 
473 475 450 498 
1
4161 4162 4163 4233 4234 4235 4305 4306 4307 
474 476 451 499 
1
4164 4165 4166 4236 4237 4238 4308 4309 4310 
475 477 452 500 
1
4167 4168 4169 4239 4240 4241 4311 4312 4313 
476 478 453 501 
1
4170 4171 4172 4242 4243 4244 4314 4315 4316 
477 479 454 502 
1
4173 4174 4175 4245 4246 4247 4317 4318 4319 
478 -1 455 503 
1
4320 4321 4322 4392 4393 4394 4464 4465 4466 
-1 481 456 504 
1
4323 4324 4325 4395 4396 4397 4467 4468 4469 
480 482 457 505 
1
4326 4327 4328 4398 4399 4400 4470 4471 4472 
481 483 458 506 
1
4329 4330 4331 4401 4402 4403 4473 4474 4475 
482 484 459 507 
1
4332 4333 4334 4404 4405 4406 4476 4477 4478 
483 485 460 508 
1
4335 4336 4337 4407 4408 4409 4479 4480 4481 
484 486 461 509 
1
4338 4339 4340 4410 4411 4412 4482 4483 4484 
485 487 462 510 
1
4341 4342 4343 4413 4414 4415 4485 4486 4487 
486 488 463 511 
1
4344 4345 4346 4416 4417 4418 4488 4489 4490 
487 489 464 512 
1
4347 4348 4349 4419 4420 4421 4491 4492 4493 
488 490 465 513 
1
4350 4351 4352 4422 4423 4424 4494 4495 4496 
489 491 466 514 
1
4353 4354 4355 4425 4426 4427 4497 4498 4499 
490 492 467 515 
1
4356 4357 4358 4428 4429 4430 4500 4501 4502 
491 493 468 516 
1
4359 4360 4361 4431 4432 4433 4503 4504 4505 
492 494 469 517 
1
4362 4363 4364 4434 4435 4436 4506 4507 4508 
493 495 470 518 
1
4365 4366 4367 4437 4438 4439 4509 4510 4511 
494 496 471 519 
1
4368 4369 4370 4440 4441 4442 4512 4513 4514 
495 497 472 520 
1
4371 4372 4373 4443 4444 4445 4515 4516 4517 
496 498 473 521 
1
4374 4375 4376 4446 4447 4448 4518 4519 4520 
497 499 474 522 
1
4377 4378 4379 4449 4450 4451 4521 4522 4523 
498 500 475 523 
1
4380 4381 4382 4452 4453 4454 4524 4525 4526 
499 501 476 524 
1
4383 4384 4385 4455 4456 4457 4527 4528 4529 
500 502 477 525 
1
4386 4387 4388 4458 4459 4460 4530 4531 4532 
501 503 478 526 
1
4389 4390 4391 4461 4462 4463 4533 4534 4535 
502 -1 479 527 
1
4536 4537 4538 4608 4609 4610 4680 4681 4682 
-1 505 480 528 
1
4539 4540 4541 4611 4612 4613 4683 4684 4685 
504 506 481 529 
1
4542 4543 4544 4614 4615 4616 4686 4687 4688 
505 507 482 530 
1
4545 4546 4547 4617 4618 4619 4689 4690 4691 
506 508 483 531 
1
4548 4549 4550 4620 4621 4622 4692 4693 4694 
507 509 484 532 
1
4551 4552 4553 4623 4624 4625 4695 4696 4697 
508 510 485 533 
1
4554 4555 4556 4626 4627 4628 4698 4699 4700 
509 511 486 534 
1
4557 4558 4559 4629 4630 4631 4701 4702 4703 
510 512 487 535 
1
4560 4561 4562 4632 4633 4634 4704 4705 4706 
511 513 488 536 
1
4563 4564 4565 4635 4636 4637 4707 4708 4709 
512 514 489 537 
1
4566 4567 4568 4638 4639 4640 4710 4711 4712 
513 515 490 538 
1
4569 4570 4571 4641 4642 4643 4713 4714 4715 
514 516 491 539 
1
4572 4573 4574 4644 4645 4646 4716 4717 4718 
515 517 492 540 
1
4575 4576 4577 4647 4648 4649 4719 4720 4721 
516 518 493 541 
1
4578 4579 4580 4650 4651 4652 4722 4723 4724 
517 519 494 542 
1
4581 4582 4583 4653 4654 4655 4725 4726 4727 
518 520 495 543 
1
4584 4585 4586 4656 4657 4658 4728 4729 4730 
519 521 496 544 
1
4587 4588 4589 4659 4660 4661 4731 4732 4733 
520 522 497 545 
1
4590 4591 4592 4662 4663 4664 4734 4735 4736 
521 523 498 546 
1
4593 4594 4595 4665 4666 4667 4737 4738 4739 
522 524 499 547 
1
4596 4597 4598 4668 4669 4670 4740 4741 4742 
523 525 500 548 
1
4599 4600 4601 4671 4672 4673 4743 4744 4745 
524 526 501 549 
1
4602 4603 4604 4674 4675 4676 4746 4747 4748 
525 527 502 550 
1
4605 4606 4607 4677 4678 4679 4749 4750 4751 
526 -1 503 551 
1
4752 4753 4754 4824 4825 4826 4896 4897 4898 
-1 529 504 552 
1
4755 4756 4757 4827 4828 4829 4899 4900 4901 
528 530 505 553 
1
4758 4759 4760 4830 4831 4832 4902 4903 4904 
529 531 506 554 
1
4761 4762 4763 4833 4834 4835 4905 4906 4907 
530 532 507 555 
1
4764 4765 4766 4836 4837 4838 4908 4909 4910 
531 533 508 556 
1
4767 4768 4769 4839 4840 4841 4911 4912 4913 
532 534 509 557 
1
4770 4771 4772 4842 4843 4844 4914 4915 4916 
533 535 510 558 
1
4773 4774 4775 4845 4846 4847 4917 4918 4919 
534 536 511 559 
1
4776 4777 4778 4848 4849 4850 4920 4921 4922 
535 537 512 560 
1
4779 4780 4781 4851 4852 4853 4923 4924 4925 
536 538 513 561 
1
4782 4783 4784 4854 4855 4856 4926 4927 4928 
537 539 514 562 
1
4785 4786 4787 4857 4858 4859 4929 4930 4931 
538 540 515 563 
1
4788 4789 4790 4860 4861 4862 4932 4933 4934 
539 541 516 564 
1
4791 4792 4793 4863 4864 4865 4935 4936 4937 
540 542 517 565 
1
4794 4795 4796 4866 4867 4868 4938 4939 4940 
541 543 518 566 
1
4797 4798 4799 4869 4870 4871 4941 4942 4943 
542 544 519 567 
1
4800 4801 4802 4872 4873 4874 4944 4945 4946 
543 545 520 568 
1
4803 4804 4805 4875 4876 4877 4947 4948 4949 
544 546 521 569 
1
4806 4807 4808 4878 4879 4880 4950 4951 4952 
545 547 522 570 
1
4809 4810 4811 4881 4882 4883 4953 4954 4955 
546 548 523 571 
1
4812 4813 4814 4884 4885 4886 4956 4957 4958 
547 549 524 572 
1
4815 4816 4817 4887 4888 4889 4959 4960 4961 
548 550 525 573 
1
4818 4819 4820 4890 4891 4892 4962 4963 4964 
549 551 526 574 
1
4821 4822 4823 4893 4894 4895 4965 4966 4967 
550 -1 527 575 
1
4968 4969 4970 5040 5041 5042 5112 5113 5114 
-1 553 528 -1 
1
4971 4972 4973 5043 5044 5045 5115 5116 5117 
552 554 529 -1 
1
4974 4975 4976 5046 5047 5048 5118 5119 5120 
553 555 530 -1 
1
4977 4978 4979 5049 5050 5051 5121 5122 5123 
554 556 531 -1 
1
4980 4981 4982 5052 5053 5054 5124 5125 5126 
555 557 532 -1 
1
4983 4984 4985 5055 5056 5057 5127 5128 5129 
556 558 533 -1 
1
4986 4987 4988 5058 5059 5060 5130 5131 5132 
557 559 534 -1 
1
4989 4990 4991 5061 5062 5063 5133 5134 5135 
558 560 535 -1 
1
4992 4993 4994 5064 5065 5066 5136 5137 5138 
559 561 536 -1 
1
4995 4996 4997 5067 5068 5069 5139 5140 5141 
560 562 537 -1 
1
4998 4999 5000 5070 5071 5072 5142 5143 5144 
561 563 538 -1 
1
5001 5002 5003 5073 5074 5075 5145 5146 5147 
562 564 539 -1 
1
5004 5005 5006 5076 5077 5078 5148 5149 5150 
563 565 540 -1 
1
5007 5008 5009 5079 5080 5081 5151 5152 5153 
564 566 541 -1 
1
5010 5011 5012 5082 5083 5084 5154 5155 5156 
565 567 542 -1 
1
5013 5014 5015 5085 5086 5087 5157 5158 5159 
566 568 543 -1 
1
5016 5017 5018 5088 5089 5090 5160 5161 5162 
567 569 544 -1 
1
5019 5020 5021 5091 5092 5093 5163 5164 5165 
568 570 545 -1 
1
5022 5023 5024 5094 5095 5096 5166 5167 5168 
569 571 546 -1 
1
5025 5026 5027 5097 5098 5099 5169 5170 5171 
570 572 547 -1 
1
5028 5029 5030 5100 5101 5102 5172 5173 5174 
571 573 548 -1 
1
5031 5032 5033 5103 5104 5105 5175 5176 5177 
572 574 549 -1 
1
5034 5035 5036 5106 5107 5108 5178 5179 5180 
573 575 550 -1 
1
5037 5038 5039 5109 5110 5111 5181 5182 5183 
574 -1 551 -1 
