92
0 0
1 0 1 0
1 0
0 0 1 0
2 0
0 0 1 0
3 0
0 0 1 0
4 0
0 0 1 0
5 0
0 0 1 0
6 0
0 0 1 0
7 0
0 0 1 0
8 0
0 0 1 0
9 0
0 0 1 0
10 0
0 0 1 0
11 0
0 0 1 0
12 0
0 0 1 0
13 0
0 0 1 0
14 0
0 0 1 0
15 0
0 0 1 0
16 0
0 0 1 0
17 0
0 0 1 0
18 0
0 0 1 0
19 0
0 0 1 0
20 0
0 0 1 0
21 0
0 0 1 0
22 0
0 0 1 0
23 0
0 1 1 0
24 0
1 0 0 0
47 0
0 1 0 0
48 0
1 0 0 0
71 0
0 1 0 0
72 0
1 0 0 0
95 0
0 1 0 0
96 0
1 0 0 0
119 0
0 1 0 0
120 0
1 0 0 0
143 0
0 1 0 0
144 0
1 0 0 0
167 0
0 1 0 0
168 0
1 0 0 0
191 0
0 1 0 0
192 0
1 0 0 0
215 0
0 1 0 0
216 0
1 0 0 0
239 0
0 1 0 0
240 0
1 0 0 0
263 0
0 1 0 0
264 0
1 0 0 0
287 0
0 1 0 0
288 1
1 0 0 0
311 1
0 1 0 0
312 1
1 0 0 0
335 1
0 1 0 0
336 1
1 0 0 0
359 1
0 1 0 0
360 1
1 0 0 0
383 1
0 1 0 0
384 1
1 0 0 0
407 1
0 1 0 0
408 1
1 0 0 0
431 1
0 1 0 0
432 1
1 0 0 0
455 1
0 1 0 0
456 1
1 0 0 0
479 1
0 1 0 0
480 1
1 0 0 0
503 1
0 1 0 0
504 1
1 0 0 0
527 1
0 1 0 0
528 1
1 0 0 0
551 1
0 1 0 0
552 1
1 0 0 1
553 1
0 0 0 1
554 1
0 0 0 1
555 1
0 0 0 1
556 1
0 0 0 1
557 1
0 0 0 1
558 1
0 0 0 1
559 1
0 0 0 1
560 1
0 0 0 1
561 1
0 0 0 1
562 1
0 0 0 1
563 1
0 0 0 1
564 1
0 0 0 1
565 1
0 0 0 1
566 1
0 0 0 1
567 1
0 0 0 1
568 1
0 0 0 1
569 1
0 0 0 1
570 1
0 0 0 1
571 1
0 0 0 1
572 1
0 0 0 1
573 1
0 0 0 1
574 1
0 0 0 1
575 1
0 1 0 1
