0.00000000000000000000
0.00000000000000000000
0.00000000000000000000
0.00000000000000000000
0.00000000000000000000
0.00000000000000000000
0.00000000000000000000
0.00000000000000000000
0.00000000000000000000
0.00000000000000000000
1.00000000000002240000
4.00000000000006480000
4.00000000000006660000
9.00000000000001950000
16.00000000000005700000
16.00000000000005700000
25.00000000000005000000
36.00000000000000000000
0.00000000000000000000
4.00000000000006660000
16.00000000000016700000
16.00000000000011000000
36.00000000000014900000
64.00000000000011400000
64.00000000000022700000
100.00000000000020000000
144.00000000000000000000
0.00000000000000000000
4.00000000000007190000
16.00000000000011700000
16.00000000000012100000
36.00000000000019900000
64.00000000000035500000
64.00000000000034100000
100.00000000000014000000
144.00000000000000000000
0.00000000000000000000
9.00000000000002310000
36.00000000000012100000
36.00000000000018500000
81.00000000000019900000
144.00000000000031000000
144.00000000000034000000
225.00000000000003000000
324.00000000000000000000
0.00000000000000000000
16.00000000000003600000
64.00000000000002800000
64.00000000000022700000
144.00000000000017000000
256.00000000000011000000
256.00000000000028000000
400.00000000000000000000
576.00000000000000000000
0.00000000000000000000
16.00000000000002800000
64.00000000000014200000
64.00000000000021300000
144.00000000000023000000
256.00000000000034000000
256.00000000000023000000
400.00000000000000000000
576.00000000000000000000
0.00000000000000000000
25.00000000000001400000
100.00000000000014000000
100.00000000000011000000
225.00000000000011000000
399.99999999999989000000
400.00000000000000000000
624.99999999999955000000
900.00000000000000000000
0.00000000000000000000
36.00000000000000000000
144.00000000000000000000
144.00000000000000000000
324.00000000000000000000
576.00000000000000000000
576.00000000000000000000
900.00000000000000000000
1296.00000000000000000000
