0.00000000000000000000
0.00000000000000000000
0.00000000000000000000
0.00000000000000000000
0.00000000000000000000
0.00000000000000000000
0.00000000000000000000
0.00000000000000000000
0.00000000000000000000
0.00000000000000000000
0.30000000000310045000
1.19999999999995490000
1.19999999998663130000
2.69999999999560100000
4.79999999998580850000
4.80000000000033820000
7.50000000000167870000
10.79999999999994200000
0.00000000000000000000
1.19999999999994870000
4.79999999999953890000
4.80000000000297790000
10.79999999999147800000
19.20000000000309700000
19.19999999999953400000
30.00000000000064700000
43.19999999999999600000
0.00000000000000000000
1.19999999998664600000
4.80000000000297610000
4.80000000000347970000
10.79999999997643700000
19.20000000000293700000
19.20000000000057800000
30.00000000000202500000
43.19999999999939900000
0.00000000000000000000
2.69999999999561080000
10.79999999999149900000
10.79999999997644400000
24.29999999998856500000
43.19999999997911300000
43.19999999999160400000
67.50000000000163400000
97.19999999999979000000
0.00000000000000000000
4.79999999998582630000
19.20000000000311100000
19.20000000000298000000
43.19999999997909900000
76.80000000000224200000
76.80000000000073600000
120.00000000000097000000
172.79999999999998000000
0.00000000000000000000
4.80000000000034530000
19.19999999999956900000
19.20000000000059600000
43.19999999999160400000
76.80000000000076500000
76.80000000000036700000
119.99999999999989000000
172.79999999999760000000
0.00000000000000000000
7.50000000000169110000
30.00000000000063200000
30.00000000000183300000
67.50000000000152100000
120.00000000000074000000
119.99999999999994000000
187.49999999999955000000
269.99999999999960000000
0.00000000000000000000
10.79999999999994200000
43.19999999999999600000
43.19999999999939900000
97.19999999999979000000
172.79999999999998000000
172.79999999999760000000
269.99999999999966000000
388.79999999999995000000
