0.00000000000000000000
0.00000000000000000000
0.00000000000000000000
0.00000000000000000000
0.00000000000000000000
0.00000000000000000000
0.00000000000000000000
0.00000000000000000000
0.00000000000000000000
0.00000000000000000000
0.20000000000157053000
0.80000000000016236000
0.79999999999049443000
1.79999999999847040000
3.19999999999008140000
3.20000000000047710000
5.00000000000084200000
7.19999999999994240000
0.00000000000000000000
0.80000000000016924000
3.20000000000076670000
3.20000000000395210000
7.19999999999568270000
12.80000000000380400000
12.80000000000063700000
20.00000000000024200000
28.80000000000000400000
0.00000000000000000000
0.79999999999049676000
3.20000000000394900000
3.20000000000526260000
7.19999999998506900000
12.80000000000434400000
12.80000000000167000000
20.00000000000110100000
28.79999999999941500000
0.00000000000000000000
1.79999999999847300000
7.19999999999571120000
7.19999999998507610000
16.19999999999613700000
28.79999999998623400000
28.79999999999540700000
45.00000000000090900000
64.79999999999986900000
0.00000000000000000000
3.19999999999009300000
12.80000000000382200000
12.80000000000436500000
28.79999999998625500000
51.20000000000336400000
51.20000000000174400000
80.00000000000056800000
115.20000000000002000000
0.00000000000000000000
3.20000000000049490000
12.80000000000064700000
12.80000000000165300000
28.79999999999541800000
51.20000000000170800000
51.20000000000069200000
80.00000000000012800000
115.19999999999766000000
0.00000000000000000000
5.00000000000084290000
20.00000000000023400000
20.00000000000113000000
45.00000000000091700000
80.00000000000059700000
80.00000000000014200000
124.99999999999982000000
179.99999999999980000000
0.00000000000000000000
7.19999999999994240000
28.80000000000000400000
28.79999999999941500000
64.79999999999986900000
115.20000000000002000000
115.19999999999766000000
179.99999999999980000000
259.20000000000005000000
