0
0 1 2 30 31 32 60 61 62 
-1 1 -1 10 
0
3 4 5 33 34 35 63 64 65 
0 2 -1 11 
0
6 7 8 36 37 38 66 67 68 
1 3 -1 12 
0
9 10 11 39 40 41 69 70 71 
2 4 -1 13 
0
12 13 14 42 43 44 72 73 74 
3 5 -1 14 
0
15 16 17 45 46 47 75 76 77 
4 6 -1 15 
0
18 19 20 48 49 50 78 79 80 
5 7 -1 16 
0
21 22 23 51 52 53 81 82 83 
6 8 -1 17 
0
24 25 26 54 55 56 84 85 86 
7 9 -1 18 
0
27 28 29 57 58 59 87 88 89 
8 -1 -1 19 
0
90 91 92 120 121 122 150 151 152 
-1 11 0 20 
0
93 94 95 123 124 125 153 154 155 
10 12 1 21 
0
96 97 98 126 127 128 156 157 158 
11 13 2 22 
0
99 100 101 129 130 131 159 160 161 
12 14 3 23 
0
102 103 104 132 133 134 162 163 164 
13 15 4 24 
0
105 106 107 135 136 137 165 166 167 
14 16 5 25 
0
108 109 110 138 139 140 168 169 170 
15 17 6 26 
0
111 112 113 141 142 143 171 172 173 
16 18 7 27 
0
114 115 116 144 145 146 174 175 176 
17 19 8 28 
0
117 118 119 147 148 149 177 178 179 
18 -1 9 29 
0
180 181 182 210 211 212 240 241 242 
-1 21 10 30 
0
183 184 185 213 214 215 243 244 245 
20 22 11 31 
0
186 187 188 216 217 218 246 247 248 
21 23 12 32 
0
189 190 191 219 220 221 249 250 251 
22 24 13 33 
0
192 193 194 222 223 224 252 253 254 
23 25 14 34 
0
195 196 197 225 226 227 255 256 257 
24 26 15 35 
0
198 199 200 228 229 230 258 259 260 
25 27 16 36 
0
201 202 203 231 232 233 261 262 263 
26 28 17 37 
0
204 205 206 234 235 236 264 265 266 
27 29 18 38 
0
207 208 209 237 238 239 267 268 269 
28 -1 19 39 
0
270 271 272 300 301 302 330 331 332 
-1 31 20 40 
0
273 274 275 303 304 305 333 334 335 
30 32 21 41 
0
276 277 278 306 307 308 336 337 338 
31 33 22 42 
0
279 280 281 309 310 311 339 340 341 
32 34 23 43 
0
282 283 284 312 313 314 342 343 344 
33 35 24 44 
0
285 286 287 315 316 317 345 346 347 
34 36 25 45 
0
288 289 290 318 319 320 348 349 350 
35 37 26 46 
0
291 292 293 321 322 323 351 352 353 
36 38 27 47 
0
294 295 296 324 325 326 354 355 356 
37 39 28 48 
0
297 298 299 327 328 329 357 358 359 
38 -1 29 49 
0
360 361 362 390 391 392 420 421 422 
-1 41 30 50 
0
363 364 365 393 394 395 423 424 425 
40 42 31 51 
0
366 367 368 396 397 398 426 427 428 
41 43 32 52 
0
369 370 371 399 400 401 429 430 431 
42 44 33 53 
0
372 373 374 402 403 404 432 433 434 
43 45 34 54 
0
375 376 377 405 406 407 435 436 437 
44 46 35 55 
0
378 379 380 408 409 410 438 439 440 
45 47 36 56 
0
381 382 383 411 412 413 441 442 443 
46 48 37 57 
0
384 385 386 414 415 416 444 445 446 
47 49 38 58 
0
387 388 389 417 418 419 447 448 449 
48 -1 39 59 
1
450 451 452 480 481 482 510 511 512 
-1 51 40 60 
1
453 454 455 483 484 485 513 514 515 
50 52 41 61 
1
456 457 458 486 487 488 516 517 518 
51 53 42 62 
1
459 460 461 489 490 491 519 520 521 
52 54 43 63 
1
462 463 464 492 493 494 522 523 524 
53 55 44 64 
1
465 466 467 495 496 497 525 526 527 
54 56 45 65 
1
468 469 470 498 499 500 528 529 530 
55 57 46 66 
1
471 472 473 501 502 503 531 532 533 
56 58 47 67 
1
474 475 476 504 505 506 534 535 536 
57 59 48 68 
1
477 478 479 507 508 509 537 538 539 
58 -1 49 69 
1
540 541 542 570 571 572 600 601 602 
-1 61 50 70 
1
543 544 545 573 574 575 603 604 605 
60 62 51 71 
1
546 547 548 576 577 578 606 607 608 
61 63 52 72 
1
549 550 551 579 580 581 609 610 611 
62 64 53 73 
1
552 553 554 582 583 584 612 613 614 
63 65 54 74 
1
555 556 557 585 586 587 615 616 617 
64 66 55 75 
1
558 559 560 588 589 590 618 619 620 
65 67 56 76 
1
561 562 563 591 592 593 621 622 623 
66 68 57 77 
1
564 565 566 594 595 596 624 625 626 
67 69 58 78 
1
567 568 569 597 598 599 627 628 629 
68 -1 59 79 
1
630 631 632 660 661 662 690 691 692 
-1 71 60 80 
1
633 634 635 663 664 665 693 694 695 
70 72 61 81 
1
636 637 638 666 667 668 696 697 698 
71 73 62 82 
1
639 640 641 669 670 671 699 700 701 
72 74 63 83 
1
642 643 644 672 673 674 702 703 704 
73 75 64 84 
1
645 646 647 675 676 677 705 706 707 
74 76 65 85 
1
648 649 650 678 679 680 708 709 710 
75 77 66 86 
1
651 652 653 681 682 683 711 712 713 
76 78 67 87 
1
654 655 656 684 685 686 714 715 716 
77 79 68 88 
1
657 658 659 687 688 689 717 718 719 
78 -1 69 89 
1
720 721 722 750 751 752 780 781 782 
-1 81 70 90 
1
723 724 725 753 754 755 783 784 785 
80 82 71 91 
1
726 727 728 756 757 758 786 787 788 
81 83 72 92 
1
729 730 731 759 760 761 789 790 791 
82 84 73 93 
1
732 733 734 762 763 764 792 793 794 
83 85 74 94 
1
735 736 737 765 766 767 795 796 797 
84 86 75 95 
1
738 739 740 768 769 770 798 799 800 
85 87 76 96 
1
741 742 743 771 772 773 801 802 803 
86 88 77 97 
1
744 745 746 774 775 776 804 805 806 
87 89 78 98 
1
747 748 749 777 778 779 807 808 809 
88 -1 79 99 
1
810 811 812 840 841 842 870 871 872 
-1 91 80 -1 
1
813 814 815 843 844 845 873 874 875 
90 92 81 -1 
1
816 817 818 846 847 848 876 877 878 
91 93 82 -1 
1
819 820 821 849 850 851 879 880 881 
92 94 83 -1 
1
822 823 824 852 853 854 882 883 884 
93 95 84 -1 
1
825 826 827 855 856 857 885 886 887 
94 96 85 -1 
1
828 829 830 858 859 860 888 889 890 
95 97 86 -1 
1
831 832 833 861 862 863 891 892 893 
96 98 87 -1 
1
834 835 836 864 865 866 894 895 896 
97 99 88 -1 
1
837 838 839 867 868 869 897 898 899 
98 -1 89 -1 
