900
0.00000000000000000000 0.00000000000000000000
0.05000000000000000300 0.00000000000000000000
0.10000000000000001000 0.00000000000000000000
0.10000000000000001000 0.00000000000000000000
0.15000000000000002000 0.00000000000000000000
0.20000000000000001000 0.00000000000000000000
0.20000000000000001000 0.00000000000000000000
0.25000000000000000000 0.00000000000000000000
0.30000000000000004000 0.00000000000000000000
0.30000000000000004000 0.00000000000000000000
0.35000000000000003000 0.00000000000000000000
0.40000000000000002000 0.00000000000000000000
0.40000000000000002000 0.00000000000000000000
0.45000000000000001000 0.00000000000000000000
0.50000000000000000000 0.00000000000000000000
0.50000000000000000000 0.00000000000000000000
0.55000000000000004000 0.00000000000000000000
0.59999999999999998000 0.00000000000000000000
0.59999999999999998000 0.00000000000000000000
0.64999999999999991000 0.00000000000000000000
0.69999999999999996000 0.00000000000000000000
0.69999999999999996000 0.00000000000000000000
0.75000000000000000000 0.00000000000000000000
0.79999999999999993000 0.00000000000000000000
0.79999999999999993000 0.00000000000000000000
0.84999999999999987000 0.00000000000000000000
0.89999999999999991000 0.00000000000000000000
0.89999999999999991000 0.00000000000000000000
0.94999999999999996000 0.00000000000000000000
1.00000000000000000000 0.00000000000000000000
0.00000000000000000000 0.05000000000000000300
0.05000000000000000300 0.05000000000000000300
0.10000000000000001000 0.05000000000000000300
0.10000000000000001000 0.05000000000000000300
0.15000000000000002000 0.05000000000000000300
0.20000000000000001000 0.05000000000000000300
0.20000000000000001000 0.05000000000000000300
0.25000000000000000000 0.05000000000000000300
0.30000000000000004000 0.05000000000000000300
0.30000000000000004000 0.05000000000000000300
0.35000000000000003000 0.05000000000000000300
0.40000000000000002000 0.05000000000000000300
0.40000000000000002000 0.05000000000000000300
0.45000000000000001000 0.05000000000000000300
0.50000000000000000000 0.05000000000000000300
0.50000000000000000000 0.05000000000000000300
0.55000000000000004000 0.05000000000000000300
0.59999999999999998000 0.05000000000000000300
0.59999999999999998000 0.05000000000000000300
0.64999999999999991000 0.05000000000000000300
0.69999999999999996000 0.05000000000000000300
0.69999999999999996000 0.05000000000000000300
0.75000000000000000000 0.05000000000000000300
0.79999999999999993000 0.05000000000000000300
0.79999999999999993000 0.05000000000000000300
0.84999999999999987000 0.05000000000000000300
0.89999999999999991000 0.05000000000000000300
0.89999999999999991000 0.05000000000000000300
0.94999999999999996000 0.05000000000000000300
1.00000000000000000000 0.05000000000000000300
0.00000000000000000000 0.10000000000000001000
0.05000000000000000300 0.10000000000000001000
0.10000000000000001000 0.10000000000000001000
0.10000000000000001000 0.10000000000000001000
0.15000000000000002000 0.10000000000000001000
0.20000000000000001000 0.10000000000000001000
0.20000000000000001000 0.10000000000000001000
0.25000000000000000000 0.10000000000000001000
0.30000000000000004000 0.10000000000000001000
0.30000000000000004000 0.10000000000000001000
0.35000000000000003000 0.10000000000000001000
0.40000000000000002000 0.10000000000000001000
0.40000000000000002000 0.10000000000000001000
0.45000000000000001000 0.10000000000000001000
0.50000000000000000000 0.10000000000000001000
0.50000000000000000000 0.10000000000000001000
0.55000000000000004000 0.10000000000000001000
0.59999999999999998000 0.10000000000000001000
0.59999999999999998000 0.10000000000000001000
0.64999999999999991000 0.10000000000000001000
0.69999999999999996000 0.10000000000000001000
0.69999999999999996000 0.10000000000000001000
0.75000000000000000000 0.10000000000000001000
0.79999999999999993000 0.10000000000000001000
0.79999999999999993000 0.10000000000000001000
0.84999999999999987000 0.10000000000000001000
0.89999999999999991000 0.10000000000000001000
0.89999999999999991000 0.10000000000000001000
0.94999999999999996000 0.10000000000000001000
1.00000000000000000000 0.10000000000000001000
0.00000000000000000000 0.10000000000000001000
0.05000000000000000300 0.10000000000000001000
0.10000000000000001000 0.10000000000000001000
0.10000000000000001000 0.10000000000000001000
0.15000000000000002000 0.10000000000000001000
0.20000000000000001000 0.10000000000000001000
0.20000000000000001000 0.10000000000000001000
0.25000000000000000000 0.10000000000000001000
0.30000000000000004000 0.10000000000000001000
0.30000000000000004000 0.10000000000000001000
0.35000000000000003000 0.10000000000000001000
0.40000000000000002000 0.10000000000000001000
0.40000000000000002000 0.10000000000000001000
0.45000000000000001000 0.10000000000000001000
0.50000000000000000000 0.10000000000000001000
0.50000000000000000000 0.10000000000000001000
0.55000000000000004000 0.10000000000000001000
0.59999999999999998000 0.10000000000000001000
0.59999999999999998000 0.10000000000000001000
0.64999999999999991000 0.10000000000000001000
0.69999999999999996000 0.10000000000000001000
0.69999999999999996000 0.10000000000000001000
0.75000000000000000000 0.10000000000000001000
0.79999999999999993000 0.10000000000000001000
0.79999999999999993000 0.10000000000000001000
0.84999999999999987000 0.10000000000000001000
0.89999999999999991000 0.10000000000000001000
0.89999999999999991000 0.10000000000000001000
0.94999999999999996000 0.10000000000000001000
1.00000000000000000000 0.10000000000000001000
0.00000000000000000000 0.15000000000000002000
0.05000000000000000300 0.15000000000000002000
0.10000000000000001000 0.15000000000000002000
0.10000000000000001000 0.15000000000000002000
0.15000000000000002000 0.15000000000000002000
0.20000000000000001000 0.15000000000000002000
0.20000000000000001000 0.15000000000000002000
0.25000000000000000000 0.15000000000000002000
0.30000000000000004000 0.15000000000000002000
0.30000000000000004000 0.15000000000000002000
0.35000000000000003000 0.15000000000000002000
0.40000000000000002000 0.15000000000000002000
0.40000000000000002000 0.15000000000000002000
0.45000000000000001000 0.15000000000000002000
0.50000000000000000000 0.15000000000000002000
0.50000000000000000000 0.15000000000000002000
0.55000000000000004000 0.15000000000000002000
0.59999999999999998000 0.15000000000000002000
0.59999999999999998000 0.15000000000000002000
0.64999999999999991000 0.15000000000000002000
0.69999999999999996000 0.15000000000000002000
0.69999999999999996000 0.15000000000000002000
0.75000000000000000000 0.15000000000000002000
0.79999999999999993000 0.15000000000000002000
0.79999999999999993000 0.15000000000000002000
0.84999999999999987000 0.15000000000000002000
0.89999999999999991000 0.15000000000000002000
0.89999999999999991000 0.15000000000000002000
0.94999999999999996000 0.15000000000000002000
1.00000000000000000000 0.15000000000000002000
0.00000000000000000000 0.20000000000000001000
0.05000000000000000300 0.20000000000000001000
0.10000000000000001000 0.20000000000000001000
0.10000000000000001000 0.20000000000000001000
0.15000000000000002000 0.20000000000000001000
0.20000000000000001000 0.20000000000000001000
0.20000000000000001000 0.20000000000000001000
0.25000000000000000000 0.20000000000000001000
0.30000000000000004000 0.20000000000000001000
0.30000000000000004000 0.20000000000000001000
0.35000000000000003000 0.20000000000000001000
0.40000000000000002000 0.20000000000000001000
0.40000000000000002000 0.20000000000000001000
0.45000000000000001000 0.20000000000000001000
0.50000000000000000000 0.20000000000000001000
0.50000000000000000000 0.20000000000000001000
0.55000000000000004000 0.20000000000000001000
0.59999999999999998000 0.20000000000000001000
0.59999999999999998000 0.20000000000000001000
0.64999999999999991000 0.20000000000000001000
0.69999999999999996000 0.20000000000000001000
0.69999999999999996000 0.20000000000000001000
0.75000000000000000000 0.20000000000000001000
0.79999999999999993000 0.20000000000000001000
0.79999999999999993000 0.20000000000000001000
0.84999999999999987000 0.20000000000000001000
0.89999999999999991000 0.20000000000000001000
0.89999999999999991000 0.20000000000000001000
0.94999999999999996000 0.20000000000000001000
1.00000000000000000000 0.20000000000000001000
0.00000000000000000000 0.20000000000000001000
0.05000000000000000300 0.20000000000000001000
0.10000000000000001000 0.20000000000000001000
0.10000000000000001000 0.20000000000000001000
0.15000000000000002000 0.20000000000000001000
0.20000000000000001000 0.20000000000000001000
0.20000000000000001000 0.20000000000000001000
0.25000000000000000000 0.20000000000000001000
0.30000000000000004000 0.20000000000000001000
0.30000000000000004000 0.20000000000000001000
0.35000000000000003000 0.20000000000000001000
0.40000000000000002000 0.20000000000000001000
0.40000000000000002000 0.20000000000000001000
0.45000000000000001000 0.20000000000000001000
0.50000000000000000000 0.20000000000000001000
0.50000000000000000000 0.20000000000000001000
0.55000000000000004000 0.20000000000000001000
0.59999999999999998000 0.20000000000000001000
0.59999999999999998000 0.20000000000000001000
0.64999999999999991000 0.20000000000000001000
0.69999999999999996000 0.20000000000000001000
0.69999999999999996000 0.20000000000000001000
0.75000000000000000000 0.20000000000000001000
0.79999999999999993000 0.20000000000000001000
0.79999999999999993000 0.20000000000000001000
0.84999999999999987000 0.20000000000000001000
0.89999999999999991000 0.20000000000000001000
0.89999999999999991000 0.20000000000000001000
0.94999999999999996000 0.20000000000000001000
1.00000000000000000000 0.20000000000000001000
0.00000000000000000000 0.25000000000000000000
0.05000000000000000300 0.25000000000000000000
0.10000000000000001000 0.25000000000000000000
0.10000000000000001000 0.25000000000000000000
0.15000000000000002000 0.25000000000000000000
0.20000000000000001000 0.25000000000000000000
0.20000000000000001000 0.25000000000000000000
0.25000000000000000000 0.25000000000000000000
0.30000000000000004000 0.25000000000000000000
0.30000000000000004000 0.25000000000000000000
0.35000000000000003000 0.25000000000000000000
0.40000000000000002000 0.25000000000000000000
0.40000000000000002000 0.25000000000000000000
0.45000000000000001000 0.25000000000000000000
0.50000000000000000000 0.25000000000000000000
0.50000000000000000000 0.25000000000000000000
0.55000000000000004000 0.25000000000000000000
0.59999999999999998000 0.25000000000000000000
0.59999999999999998000 0.25000000000000000000
0.64999999999999991000 0.25000000000000000000
0.69999999999999996000 0.25000000000000000000
0.69999999999999996000 0.25000000000000000000
0.75000000000000000000 0.25000000000000000000
0.79999999999999993000 0.25000000000000000000
0.79999999999999993000 0.25000000000000000000
0.84999999999999987000 0.25000000000000000000
0.89999999999999991000 0.25000000000000000000
0.89999999999999991000 0.25000000000000000000
0.94999999999999996000 0.25000000000000000000
1.00000000000000000000 0.25000000000000000000
0.00000000000000000000 0.30000000000000004000
0.05000000000000000300 0.30000000000000004000
0.10000000000000001000 0.30000000000000004000
0.10000000000000001000 0.30000000000000004000
0.15000000000000002000 0.30000000000000004000
0.20000000000000001000 0.30000000000000004000
0.20000000000000001000 0.30000000000000004000
0.25000000000000000000 0.30000000000000004000
0.30000000000000004000 0.30000000000000004000
0.30000000000000004000 0.30000000000000004000
0.35000000000000003000 0.30000000000000004000
0.40000000000000002000 0.30000000000000004000
0.40000000000000002000 0.30000000000000004000
0.45000000000000001000 0.30000000000000004000
0.50000000000000000000 0.30000000000000004000
0.50000000000000000000 0.30000000000000004000
0.55000000000000004000 0.30000000000000004000
0.59999999999999998000 0.30000000000000004000
0.59999999999999998000 0.30000000000000004000
0.64999999999999991000 0.30000000000000004000
0.69999999999999996000 0.30000000000000004000
0.69999999999999996000 0.30000000000000004000
0.75000000000000000000 0.30000000000000004000
0.79999999999999993000 0.30000000000000004000
0.79999999999999993000 0.30000000000000004000
0.84999999999999987000 0.30000000000000004000
0.89999999999999991000 0.30000000000000004000
0.89999999999999991000 0.30000000000000004000
0.94999999999999996000 0.30000000000000004000
1.00000000000000000000 0.30000000000000004000
0.00000000000000000000 0.30000000000000004000
0.05000000000000000300 0.30000000000000004000
0.10000000000000001000 0.30000000000000004000
0.10000000000000001000 0.30000000000000004000
0.15000000000000002000 0.30000000000000004000
0.20000000000000001000 0.30000000000000004000
0.20000000000000001000 0.30000000000000004000
0.25000000000000000000 0.30000000000000004000
0.30000000000000004000 0.30000000000000004000
0.30000000000000004000 0.30000000000000004000
0.35000000000000003000 0.30000000000000004000
0.40000000000000002000 0.30000000000000004000
0.40000000000000002000 0.30000000000000004000
0.45000000000000001000 0.30000000000000004000
0.50000000000000000000 0.30000000000000004000
0.50000000000000000000 0.30000000000000004000
0.55000000000000004000 0.30000000000000004000
0.59999999999999998000 0.30000000000000004000
0.59999999999999998000 0.30000000000000004000
0.64999999999999991000 0.30000000000000004000
0.69999999999999996000 0.30000000000000004000
0.69999999999999996000 0.30000000000000004000
0.75000000000000000000 0.30000000000000004000
0.79999999999999993000 0.30000000000000004000
0.79999999999999993000 0.30000000000000004000
0.84999999999999987000 0.30000000000000004000
0.89999999999999991000 0.30000000000000004000
0.89999999999999991000 0.30000000000000004000
0.94999999999999996000 0.30000000000000004000
1.00000000000000000000 0.30000000000000004000
0.00000000000000000000 0.35000000000000003000
0.05000000000000000300 0.35000000000000003000
0.10000000000000001000 0.35000000000000003000
0.10000000000000001000 0.35000000000000003000
0.15000000000000002000 0.35000000000000003000
0.20000000000000001000 0.35000000000000003000
0.20000000000000001000 0.35000000000000003000
0.25000000000000000000 0.35000000000000003000
0.30000000000000004000 0.35000000000000003000
0.30000000000000004000 0.35000000000000003000
0.35000000000000003000 0.35000000000000003000
0.40000000000000002000 0.35000000000000003000
0.40000000000000002000 0.35000000000000003000
0.45000000000000001000 0.35000000000000003000
0.50000000000000000000 0.35000000000000003000
0.50000000000000000000 0.35000000000000003000
0.55000000000000004000 0.35000000000000003000
0.59999999999999998000 0.35000000000000003000
0.59999999999999998000 0.35000000000000003000
0.64999999999999991000 0.35000000000000003000
0.69999999999999996000 0.35000000000000003000
0.69999999999999996000 0.35000000000000003000
0.75000000000000000000 0.35000000000000003000
0.79999999999999993000 0.35000000000000003000
0.79999999999999993000 0.35000000000000003000
0.84999999999999987000 0.35000000000000003000
0.89999999999999991000 0.35000000000000003000
0.89999999999999991000 0.35000000000000003000
0.94999999999999996000 0.35000000000000003000
1.00000000000000000000 0.35000000000000003000
0.00000000000000000000 0.40000000000000002000
0.05000000000000000300 0.40000000000000002000
0.10000000000000001000 0.40000000000000002000
0.10000000000000001000 0.40000000000000002000
0.15000000000000002000 0.40000000000000002000
0.20000000000000001000 0.40000000000000002000
0.20000000000000001000 0.40000000000000002000
0.25000000000000000000 0.40000000000000002000
0.30000000000000004000 0.40000000000000002000
0.30000000000000004000 0.40000000000000002000
0.35000000000000003000 0.40000000000000002000
0.40000000000000002000 0.40000000000000002000
0.40000000000000002000 0.40000000000000002000
0.45000000000000001000 0.40000000000000002000
0.50000000000000000000 0.40000000000000002000
0.50000000000000000000 0.40000000000000002000
0.55000000000000004000 0.40000000000000002000
0.59999999999999998000 0.40000000000000002000
0.59999999999999998000 0.40000000000000002000
0.64999999999999991000 0.40000000000000002000
0.69999999999999996000 0.40000000000000002000
0.69999999999999996000 0.40000000000000002000
0.75000000000000000000 0.40000000000000002000
0.79999999999999993000 0.40000000000000002000
0.79999999999999993000 0.40000000000000002000
0.84999999999999987000 0.40000000000000002000
0.89999999999999991000 0.40000000000000002000
0.89999999999999991000 0.40000000000000002000
0.94999999999999996000 0.40000000000000002000
1.00000000000000000000 0.40000000000000002000
0.00000000000000000000 0.40000000000000002000
0.05000000000000000300 0.40000000000000002000
0.10000000000000001000 0.40000000000000002000
0.10000000000000001000 0.40000000000000002000
0.15000000000000002000 0.40000000000000002000
0.20000000000000001000 0.40000000000000002000
0.20000000000000001000 0.40000000000000002000
0.25000000000000000000 0.40000000000000002000
0.30000000000000004000 0.40000000000000002000
0.30000000000000004000 0.40000000000000002000
0.35000000000000003000 0.40000000000000002000
0.40000000000000002000 0.40000000000000002000
0.40000000000000002000 0.40000000000000002000
0.45000000000000001000 0.40000000000000002000
0.50000000000000000000 0.40000000000000002000
0.50000000000000000000 0.40000000000000002000
0.55000000000000004000 0.40000000000000002000
0.59999999999999998000 0.40000000000000002000
0.59999999999999998000 0.40000000000000002000
0.64999999999999991000 0.40000000000000002000
0.69999999999999996000 0.40000000000000002000
0.69999999999999996000 0.40000000000000002000
0.75000000000000000000 0.40000000000000002000
0.79999999999999993000 0.40000000000000002000
0.79999999999999993000 0.40000000000000002000
0.84999999999999987000 0.40000000000000002000
0.89999999999999991000 0.40000000000000002000
0.89999999999999991000 0.40000000000000002000
0.94999999999999996000 0.40000000000000002000
1.00000000000000000000 0.40000000000000002000
0.00000000000000000000 0.45000000000000001000
0.05000000000000000300 0.45000000000000001000
0.10000000000000001000 0.45000000000000001000
0.10000000000000001000 0.45000000000000001000
0.15000000000000002000 0.45000000000000001000
0.20000000000000001000 0.45000000000000001000
0.20000000000000001000 0.45000000000000001000
0.25000000000000000000 0.45000000000000001000
0.30000000000000004000 0.45000000000000001000
0.30000000000000004000 0.45000000000000001000
0.35000000000000003000 0.45000000000000001000
0.40000000000000002000 0.45000000000000001000
0.40000000000000002000 0.45000000000000001000
0.45000000000000001000 0.45000000000000001000
0.50000000000000000000 0.45000000000000001000
0.50000000000000000000 0.45000000000000001000
0.55000000000000004000 0.45000000000000001000
0.59999999999999998000 0.45000000000000001000
0.59999999999999998000 0.45000000000000001000
0.64999999999999991000 0.45000000000000001000
0.69999999999999996000 0.45000000000000001000
0.69999999999999996000 0.45000000000000001000
0.75000000000000000000 0.45000000000000001000
0.79999999999999993000 0.45000000000000001000
0.79999999999999993000 0.45000000000000001000
0.84999999999999987000 0.45000000000000001000
0.89999999999999991000 0.45000000000000001000
0.89999999999999991000 0.45000000000000001000
0.94999999999999996000 0.45000000000000001000
1.00000000000000000000 0.45000000000000001000
0.00000000000000000000 0.50000000000000000000
0.05000000000000000300 0.50000000000000000000
0.10000000000000001000 0.50000000000000000000
0.10000000000000001000 0.50000000000000000000
0.15000000000000002000 0.50000000000000000000
0.20000000000000001000 0.50000000000000000000
0.20000000000000001000 0.50000000000000000000
0.25000000000000000000 0.50000000000000000000
0.30000000000000004000 0.50000000000000000000
0.30000000000000004000 0.50000000000000000000
0.35000000000000003000 0.50000000000000000000
0.40000000000000002000 0.50000000000000000000
0.40000000000000002000 0.50000000000000000000
0.45000000000000001000 0.50000000000000000000
0.50000000000000000000 0.50000000000000000000
0.50000000000000000000 0.50000000000000000000
0.55000000000000004000 0.50000000000000000000
0.59999999999999998000 0.50000000000000000000
0.59999999999999998000 0.50000000000000000000
0.64999999999999991000 0.50000000000000000000
0.69999999999999996000 0.50000000000000000000
0.69999999999999996000 0.50000000000000000000
0.75000000000000000000 0.50000000000000000000
0.79999999999999993000 0.50000000000000000000
0.79999999999999993000 0.50000000000000000000
0.84999999999999987000 0.50000000000000000000
0.89999999999999991000 0.50000000000000000000
0.89999999999999991000 0.50000000000000000000
0.94999999999999996000 0.50000000000000000000
1.00000000000000000000 0.50000000000000000000
0.00000000000000000000 0.50000000000000000000
0.05000000000000000300 0.50000000000000000000
0.10000000000000001000 0.50000000000000000000
0.10000000000000001000 0.50000000000000000000
0.15000000000000002000 0.50000000000000000000
0.20000000000000001000 0.50000000000000000000
0.20000000000000001000 0.50000000000000000000
0.25000000000000000000 0.50000000000000000000
0.30000000000000004000 0.50000000000000000000
0.30000000000000004000 0.50000000000000000000
0.35000000000000003000 0.50000000000000000000
0.40000000000000002000 0.50000000000000000000
0.40000000000000002000 0.50000000000000000000
0.45000000000000001000 0.50000000000000000000
0.50000000000000000000 0.50000000000000000000
0.50000000000000000000 0.50000000000000000000
0.55000000000000004000 0.50000000000000000000
0.59999999999999998000 0.50000000000000000000
0.59999999999999998000 0.50000000000000000000
0.64999999999999991000 0.50000000000000000000
0.69999999999999996000 0.50000000000000000000
0.69999999999999996000 0.50000000000000000000
0.75000000000000000000 0.50000000000000000000
0.79999999999999993000 0.50000000000000000000
0.79999999999999993000 0.50000000000000000000
0.84999999999999987000 0.50000000000000000000
0.89999999999999991000 0.50000000000000000000
0.89999999999999991000 0.50000000000000000000
0.94999999999999996000 0.50000000000000000000
1.00000000000000000000 0.50000000000000000000
0.00000000000000000000 0.55000000000000004000
0.05000000000000000300 0.55000000000000004000
0.10000000000000001000 0.55000000000000004000
0.10000000000000001000 0.55000000000000004000
0.15000000000000002000 0.55000000000000004000
0.20000000000000001000 0.55000000000000004000
0.20000000000000001000 0.55000000000000004000
0.25000000000000000000 0.55000000000000004000
0.30000000000000004000 0.55000000000000004000
0.30000000000000004000 0.55000000000000004000
0.35000000000000003000 0.55000000000000004000
0.40000000000000002000 0.55000000000000004000
0.40000000000000002000 0.55000000000000004000
0.45000000000000001000 0.55000000000000004000
0.50000000000000000000 0.55000000000000004000
0.50000000000000000000 0.55000000000000004000
0.55000000000000004000 0.55000000000000004000
0.59999999999999998000 0.55000000000000004000
0.59999999999999998000 0.55000000000000004000
0.64999999999999991000 0.55000000000000004000
0.69999999999999996000 0.55000000000000004000
0.69999999999999996000 0.55000000000000004000
0.75000000000000000000 0.55000000000000004000
0.79999999999999993000 0.55000000000000004000
0.79999999999999993000 0.55000000000000004000
0.84999999999999987000 0.55000000000000004000
0.89999999999999991000 0.55000000000000004000
0.89999999999999991000 0.55000000000000004000
0.94999999999999996000 0.55000000000000004000
1.00000000000000000000 0.55000000000000004000
0.00000000000000000000 0.59999999999999998000
0.05000000000000000300 0.59999999999999998000
0.10000000000000001000 0.59999999999999998000
0.10000000000000001000 0.59999999999999998000
0.15000000000000002000 0.59999999999999998000
0.20000000000000001000 0.59999999999999998000
0.20000000000000001000 0.59999999999999998000
0.25000000000000000000 0.59999999999999998000
0.30000000000000004000 0.59999999999999998000
0.30000000000000004000 0.59999999999999998000
0.35000000000000003000 0.59999999999999998000
0.40000000000000002000 0.59999999999999998000
0.40000000000000002000 0.59999999999999998000
0.45000000000000001000 0.59999999999999998000
0.50000000000000000000 0.59999999999999998000
0.50000000000000000000 0.59999999999999998000
0.55000000000000004000 0.59999999999999998000
0.59999999999999998000 0.59999999999999998000
0.59999999999999998000 0.59999999999999998000
0.64999999999999991000 0.59999999999999998000
0.69999999999999996000 0.59999999999999998000
0.69999999999999996000 0.59999999999999998000
0.75000000000000000000 0.59999999999999998000
0.79999999999999993000 0.59999999999999998000
0.79999999999999993000 0.59999999999999998000
0.84999999999999987000 0.59999999999999998000
0.89999999999999991000 0.59999999999999998000
0.89999999999999991000 0.59999999999999998000
0.94999999999999996000 0.59999999999999998000
1.00000000000000000000 0.59999999999999998000
0.00000000000000000000 0.59999999999999998000
0.05000000000000000300 0.59999999999999998000
0.10000000000000001000 0.59999999999999998000
0.10000000000000001000 0.59999999999999998000
0.15000000000000002000 0.59999999999999998000
0.20000000000000001000 0.59999999999999998000
0.20000000000000001000 0.59999999999999998000
0.25000000000000000000 0.59999999999999998000
0.30000000000000004000 0.59999999999999998000
0.30000000000000004000 0.59999999999999998000
0.35000000000000003000 0.59999999999999998000
0.40000000000000002000 0.59999999999999998000
0.40000000000000002000 0.59999999999999998000
0.45000000000000001000 0.59999999999999998000
0.50000000000000000000 0.59999999999999998000
0.50000000000000000000 0.59999999999999998000
0.55000000000000004000 0.59999999999999998000
0.59999999999999998000 0.59999999999999998000
0.59999999999999998000 0.59999999999999998000
0.64999999999999991000 0.59999999999999998000
0.69999999999999996000 0.59999999999999998000
0.69999999999999996000 0.59999999999999998000
0.75000000000000000000 0.59999999999999998000
0.79999999999999993000 0.59999999999999998000
0.79999999999999993000 0.59999999999999998000
0.84999999999999987000 0.59999999999999998000
0.89999999999999991000 0.59999999999999998000
0.89999999999999991000 0.59999999999999998000
0.94999999999999996000 0.59999999999999998000
1.00000000000000000000 0.59999999999999998000
0.00000000000000000000 0.64999999999999991000
0.05000000000000000300 0.64999999999999991000
0.10000000000000001000 0.64999999999999991000
0.10000000000000001000 0.64999999999999991000
0.15000000000000002000 0.64999999999999991000
0.20000000000000001000 0.64999999999999991000
0.20000000000000001000 0.64999999999999991000
0.25000000000000000000 0.64999999999999991000
0.30000000000000004000 0.64999999999999991000
0.30000000000000004000 0.64999999999999991000
0.35000000000000003000 0.64999999999999991000
0.40000000000000002000 0.64999999999999991000
0.40000000000000002000 0.64999999999999991000
0.45000000000000001000 0.64999999999999991000
0.50000000000000000000 0.64999999999999991000
0.50000000000000000000 0.64999999999999991000
0.55000000000000004000 0.64999999999999991000
0.59999999999999998000 0.64999999999999991000
0.59999999999999998000 0.64999999999999991000
0.64999999999999991000 0.64999999999999991000
0.69999999999999996000 0.64999999999999991000
0.69999999999999996000 0.64999999999999991000
0.75000000000000000000 0.64999999999999991000
0.79999999999999993000 0.64999999999999991000
0.79999999999999993000 0.64999999999999991000
0.84999999999999987000 0.64999999999999991000
0.89999999999999991000 0.64999999999999991000
0.89999999999999991000 0.64999999999999991000
0.94999999999999996000 0.64999999999999991000
1.00000000000000000000 0.64999999999999991000
0.00000000000000000000 0.69999999999999996000
0.05000000000000000300 0.69999999999999996000
0.10000000000000001000 0.69999999999999996000
0.10000000000000001000 0.69999999999999996000
0.15000000000000002000 0.69999999999999996000
0.20000000000000001000 0.69999999999999996000
0.20000000000000001000 0.69999999999999996000
0.25000000000000000000 0.69999999999999996000
0.30000000000000004000 0.69999999999999996000
0.30000000000000004000 0.69999999999999996000
0.35000000000000003000 0.69999999999999996000
0.40000000000000002000 0.69999999999999996000
0.40000000000000002000 0.69999999999999996000
0.45000000000000001000 0.69999999999999996000
0.50000000000000000000 0.69999999999999996000
0.50000000000000000000 0.69999999999999996000
0.55000000000000004000 0.69999999999999996000
0.59999999999999998000 0.69999999999999996000
0.59999999999999998000 0.69999999999999996000
0.64999999999999991000 0.69999999999999996000
0.69999999999999996000 0.69999999999999996000
0.69999999999999996000 0.69999999999999996000
0.75000000000000000000 0.69999999999999996000
0.79999999999999993000 0.69999999999999996000
0.79999999999999993000 0.69999999999999996000
0.84999999999999987000 0.69999999999999996000
0.89999999999999991000 0.69999999999999996000
0.89999999999999991000 0.69999999999999996000
0.94999999999999996000 0.69999999999999996000
1.00000000000000000000 0.69999999999999996000
0.00000000000000000000 0.69999999999999996000
0.05000000000000000300 0.69999999999999996000
0.10000000000000001000 0.69999999999999996000
0.10000000000000001000 0.69999999999999996000
0.15000000000000002000 0.69999999999999996000
0.20000000000000001000 0.69999999999999996000
0.20000000000000001000 0.69999999999999996000
0.25000000000000000000 0.69999999999999996000
0.30000000000000004000 0.69999999999999996000
0.30000000000000004000 0.69999999999999996000
0.35000000000000003000 0.69999999999999996000
0.40000000000000002000 0.69999999999999996000
0.40000000000000002000 0.69999999999999996000
0.45000000000000001000 0.69999999999999996000
0.50000000000000000000 0.69999999999999996000
0.50000000000000000000 0.69999999999999996000
0.55000000000000004000 0.69999999999999996000
0.59999999999999998000 0.69999999999999996000
0.59999999999999998000 0.69999999999999996000
0.64999999999999991000 0.69999999999999996000
0.69999999999999996000 0.69999999999999996000
0.69999999999999996000 0.69999999999999996000
0.75000000000000000000 0.69999999999999996000
0.79999999999999993000 0.69999999999999996000
0.79999999999999993000 0.69999999999999996000
0.84999999999999987000 0.69999999999999996000
0.89999999999999991000 0.69999999999999996000
0.89999999999999991000 0.69999999999999996000
0.94999999999999996000 0.69999999999999996000
1.00000000000000000000 0.69999999999999996000
0.00000000000000000000 0.75000000000000000000
0.05000000000000000300 0.75000000000000000000
0.10000000000000001000 0.75000000000000000000
0.10000000000000001000 0.75000000000000000000
0.15000000000000002000 0.75000000000000000000
0.20000000000000001000 0.75000000000000000000
0.20000000000000001000 0.75000000000000000000
0.25000000000000000000 0.75000000000000000000
0.30000000000000004000 0.75000000000000000000
0.30000000000000004000 0.75000000000000000000
0.35000000000000003000 0.75000000000000000000
0.40000000000000002000 0.75000000000000000000
0.40000000000000002000 0.75000000000000000000
0.45000000000000001000 0.75000000000000000000
0.50000000000000000000 0.75000000000000000000
0.50000000000000000000 0.75000000000000000000
0.55000000000000004000 0.75000000000000000000
0.59999999999999998000 0.75000000000000000000
0.59999999999999998000 0.75000000000000000000
0.64999999999999991000 0.75000000000000000000
0.69999999999999996000 0.75000000000000000000
0.69999999999999996000 0.75000000000000000000
0.75000000000000000000 0.75000000000000000000
0.79999999999999993000 0.75000000000000000000
0.79999999999999993000 0.75000000000000000000
0.84999999999999987000 0.75000000000000000000
0.89999999999999991000 0.75000000000000000000
0.89999999999999991000 0.75000000000000000000
0.94999999999999996000 0.75000000000000000000
1.00000000000000000000 0.75000000000000000000
0.00000000000000000000 0.79999999999999993000
0.05000000000000000300 0.79999999999999993000
0.10000000000000001000 0.79999999999999993000
0.10000000000000001000 0.79999999999999993000
0.15000000000000002000 0.79999999999999993000
0.20000000000000001000 0.79999999999999993000
0.20000000000000001000 0.79999999999999993000
0.25000000000000000000 0.79999999999999993000
0.30000000000000004000 0.79999999999999993000
0.30000000000000004000 0.79999999999999993000
0.35000000000000003000 0.79999999999999993000
0.40000000000000002000 0.79999999999999993000
0.40000000000000002000 0.79999999999999993000
0.45000000000000001000 0.79999999999999993000
0.50000000000000000000 0.79999999999999993000
0.50000000000000000000 0.79999999999999993000
0.55000000000000004000 0.79999999999999993000
0.59999999999999998000 0.79999999999999993000
0.59999999999999998000 0.79999999999999993000
0.64999999999999991000 0.79999999999999993000
0.69999999999999996000 0.79999999999999993000
0.69999999999999996000 0.79999999999999993000
0.75000000000000000000 0.79999999999999993000
0.79999999999999993000 0.79999999999999993000
0.79999999999999993000 0.79999999999999993000
0.84999999999999987000 0.79999999999999993000
0.89999999999999991000 0.79999999999999993000
0.89999999999999991000 0.79999999999999993000
0.94999999999999996000 0.79999999999999993000
1.00000000000000000000 0.79999999999999993000
0.00000000000000000000 0.79999999999999993000
0.05000000000000000300 0.79999999999999993000
0.10000000000000001000 0.79999999999999993000
0.10000000000000001000 0.79999999999999993000
0.15000000000000002000 0.79999999999999993000
0.20000000000000001000 0.79999999999999993000
0.20000000000000001000 0.79999999999999993000
0.25000000000000000000 0.79999999999999993000
0.30000000000000004000 0.79999999999999993000
0.30000000000000004000 0.79999999999999993000
0.35000000000000003000 0.79999999999999993000
0.40000000000000002000 0.79999999999999993000
0.40000000000000002000 0.79999999999999993000
0.45000000000000001000 0.79999999999999993000
0.50000000000000000000 0.79999999999999993000
0.50000000000000000000 0.79999999999999993000
0.55000000000000004000 0.79999999999999993000
0.59999999999999998000 0.79999999999999993000
0.59999999999999998000 0.79999999999999993000
0.64999999999999991000 0.79999999999999993000
0.69999999999999996000 0.79999999999999993000
0.69999999999999996000 0.79999999999999993000
0.75000000000000000000 0.79999999999999993000
0.79999999999999993000 0.79999999999999993000
0.79999999999999993000 0.79999999999999993000
0.84999999999999987000 0.79999999999999993000
0.89999999999999991000 0.79999999999999993000
0.89999999999999991000 0.79999999999999993000
0.94999999999999996000 0.79999999999999993000
1.00000000000000000000 0.79999999999999993000
0.00000000000000000000 0.84999999999999987000
0.05000000000000000300 0.84999999999999987000
0.10000000000000001000 0.84999999999999987000
0.10000000000000001000 0.84999999999999987000
0.15000000000000002000 0.84999999999999987000
0.20000000000000001000 0.84999999999999987000
0.20000000000000001000 0.84999999999999987000
0.25000000000000000000 0.84999999999999987000
0.30000000000000004000 0.84999999999999987000
0.30000000000000004000 0.84999999999999987000
0.35000000000000003000 0.84999999999999987000
0.40000000000000002000 0.84999999999999987000
0.40000000000000002000 0.84999999999999987000
0.45000000000000001000 0.84999999999999987000
0.50000000000000000000 0.84999999999999987000
0.50000000000000000000 0.84999999999999987000
0.55000000000000004000 0.84999999999999987000
0.59999999999999998000 0.84999999999999987000
0.59999999999999998000 0.84999999999999987000
0.64999999999999991000 0.84999999999999987000
0.69999999999999996000 0.84999999999999987000
0.69999999999999996000 0.84999999999999987000
0.75000000000000000000 0.84999999999999987000
0.79999999999999993000 0.84999999999999987000
0.79999999999999993000 0.84999999999999987000
0.84999999999999987000 0.84999999999999987000
0.89999999999999991000 0.84999999999999987000
0.89999999999999991000 0.84999999999999987000
0.94999999999999996000 0.84999999999999987000
1.00000000000000000000 0.84999999999999987000
0.00000000000000000000 0.89999999999999991000
0.05000000000000000300 0.89999999999999991000
0.10000000000000001000 0.89999999999999991000
0.10000000000000001000 0.89999999999999991000
0.15000000000000002000 0.89999999999999991000
0.20000000000000001000 0.89999999999999991000
0.20000000000000001000 0.89999999999999991000
0.25000000000000000000 0.89999999999999991000
0.30000000000000004000 0.89999999999999991000
0.30000000000000004000 0.89999999999999991000
0.35000000000000003000 0.89999999999999991000
0.40000000000000002000 0.89999999999999991000
0.40000000000000002000 0.89999999999999991000
0.45000000000000001000 0.89999999999999991000
0.50000000000000000000 0.89999999999999991000
0.50000000000000000000 0.89999999999999991000
0.55000000000000004000 0.89999999999999991000
0.59999999999999998000 0.89999999999999991000
0.59999999999999998000 0.89999999999999991000
0.64999999999999991000 0.89999999999999991000
0.69999999999999996000 0.89999999999999991000
0.69999999999999996000 0.89999999999999991000
0.75000000000000000000 0.89999999999999991000
0.79999999999999993000 0.89999999999999991000
0.79999999999999993000 0.89999999999999991000
0.84999999999999987000 0.89999999999999991000
0.89999999999999991000 0.89999999999999991000
0.89999999999999991000 0.89999999999999991000
0.94999999999999996000 0.89999999999999991000
1.00000000000000000000 0.89999999999999991000
0.00000000000000000000 0.89999999999999991000
0.05000000000000000300 0.89999999999999991000
0.10000000000000001000 0.89999999999999991000
0.10000000000000001000 0.89999999999999991000
0.15000000000000002000 0.89999999999999991000
0.20000000000000001000 0.89999999999999991000
0.20000000000000001000 0.89999999999999991000
0.25000000000000000000 0.89999999999999991000
0.30000000000000004000 0.89999999999999991000
0.30000000000000004000 0.89999999999999991000
0.35000000000000003000 0.89999999999999991000
0.40000000000000002000 0.89999999999999991000
0.40000000000000002000 0.89999999999999991000
0.45000000000000001000 0.89999999999999991000
0.50000000000000000000 0.89999999999999991000
0.50000000000000000000 0.89999999999999991000
0.55000000000000004000 0.89999999999999991000
0.59999999999999998000 0.89999999999999991000
0.59999999999999998000 0.89999999999999991000
0.64999999999999991000 0.89999999999999991000
0.69999999999999996000 0.89999999999999991000
0.69999999999999996000 0.89999999999999991000
0.75000000000000000000 0.89999999999999991000
0.79999999999999993000 0.89999999999999991000
0.79999999999999993000 0.89999999999999991000
0.84999999999999987000 0.89999999999999991000
0.89999999999999991000 0.89999999999999991000
0.89999999999999991000 0.89999999999999991000
0.94999999999999996000 0.89999999999999991000
1.00000000000000000000 0.89999999999999991000
0.00000000000000000000 0.94999999999999996000
0.05000000000000000300 0.94999999999999996000
0.10000000000000001000 0.94999999999999996000
0.10000000000000001000 0.94999999999999996000
0.15000000000000002000 0.94999999999999996000
0.20000000000000001000 0.94999999999999996000
0.20000000000000001000 0.94999999999999996000
0.25000000000000000000 0.94999999999999996000
0.30000000000000004000 0.94999999999999996000
0.30000000000000004000 0.94999999999999996000
0.35000000000000003000 0.94999999999999996000
0.40000000000000002000 0.94999999999999996000
0.40000000000000002000 0.94999999999999996000
0.45000000000000001000 0.94999999999999996000
0.50000000000000000000 0.94999999999999996000
0.50000000000000000000 0.94999999999999996000
0.55000000000000004000 0.94999999999999996000
0.59999999999999998000 0.94999999999999996000
0.59999999999999998000 0.94999999999999996000
0.64999999999999991000 0.94999999999999996000
0.69999999999999996000 0.94999999999999996000
0.69999999999999996000 0.94999999999999996000
0.75000000000000000000 0.94999999999999996000
0.79999999999999993000 0.94999999999999996000
0.79999999999999993000 0.94999999999999996000
0.84999999999999987000 0.94999999999999996000
0.89999999999999991000 0.94999999999999996000
0.89999999999999991000 0.94999999999999996000
0.94999999999999996000 0.94999999999999996000
1.00000000000000000000 0.94999999999999996000
0.00000000000000000000 1.00000000000000000000
0.05000000000000000300 1.00000000000000000000
0.10000000000000001000 1.00000000000000000000
0.10000000000000001000 1.00000000000000000000
0.15000000000000002000 1.00000000000000000000
0.20000000000000001000 1.00000000000000000000
0.20000000000000001000 1.00000000000000000000
0.25000000000000000000 1.00000000000000000000
0.30000000000000004000 1.00000000000000000000
0.30000000000000004000 1.00000000000000000000
0.35000000000000003000 1.00000000000000000000
0.40000000000000002000 1.00000000000000000000
0.40000000000000002000 1.00000000000000000000
0.45000000000000001000 1.00000000000000000000
0.50000000000000000000 1.00000000000000000000
0.50000000000000000000 1.00000000000000000000
0.55000000000000004000 1.00000000000000000000
0.59999999999999998000 1.00000000000000000000
0.59999999999999998000 1.00000000000000000000
0.64999999999999991000 1.00000000000000000000
0.69999999999999996000 1.00000000000000000000
0.69999999999999996000 1.00000000000000000000
0.75000000000000000000 1.00000000000000000000
0.79999999999999993000 1.00000000000000000000
0.79999999999999993000 1.00000000000000000000
0.84999999999999987000 1.00000000000000000000
0.89999999999999991000 1.00000000000000000000
0.89999999999999991000 1.00000000000000000000
0.94999999999999996000 1.00000000000000000000
1.00000000000000000000 1.00000000000000000000
