0.00000000000000000000
0.00000000000000000000
0.00000000000000000000
0.00000000000000000000
0.00000000000000000000
0.00000000000000000000
0.00000000000000000000
0.00000000000000000000
0.00000000000000000000
0.00000000000000000000
0.00000000000000000000
0.00000000000000000000
0.00000000000000000000
0.00000000000000000000
0.00000000000000000000
0.00000000000000000000
0.00000000000000000000
0.00000000000000000000
0.00000000000000000000
0.00000000000000000000
0.00000000000000000000
0.00000000000000000000
0.00000000000000000000
0.00000000000000000000
0.00000000000000000000
0.00000000000000000000
0.00000000000000000000
0.00000000000000000000
0.00000000000000000000
0.00000000000000000000
0.00000000000000000000
0.00135967322931546810
0.00283513903647186540
0.00269447054119808550
0.00377643266759104940
0.00417534895931430570
0.00425484424878023320
0.00371430245232131670
0.00282828018637270230
0.00303372041202060270
0.00242522925491677360
0.00247491075755086180
0.00243110335473835670
0.00355289069860129050
0.00515413448390065160
0.00490815249594756840
0.00641535733764799380
0.00725228800614833530
0.00720655759979705720
0.00678023378042398940
0.00549900852159281720
0.00570078739401918070
0.00394182247842297070
0.00232023280081683100
0.00239484223444242670
0.00149786275471133380
0.00106008419007387570
0.00091473628948768293
0.00063589406375141736
0.00000000000000000000
0.00000000000000000000
0.00267340857500617800
0.00557538945684767950
0.00529778169615691560
0.00742395843578212350
0.00820405923512965850
0.00836110717330398010
0.00728849499743650970
0.00553562887295996720
0.00594127050005001640
0.00473692545602892240
0.00483116467283655450
0.00474471059716134390
0.00695528786929518370
0.01011225886974837500
0.00962664193217090470
0.01259949237816900000
0.01425218404759573100
0.01416185315233768300
0.01332377937403677500
0.01080144791895710400
0.01119970742134066700
0.00773617699082727090
0.00454430835730234610
0.00469149840125347890
0.00293018152411666070
0.00207462688689906110
0.00178754310928871690
0.00124585107271659520
0.00000000000000000000
0.00000000000000000000
0.00266685204729149790
0.00556246206376530880
0.00528523702376821650
0.00740627929683284740
0.00818308600906412710
0.00833989163095050050
0.00726677004894270980
0.00551445015045119900
0.00591947599822512540
0.00471516491686895230
0.00480816603718651000
0.00472187678027376990
0.00692857910374077360
0.01008092230281778600
0.00959609419217682600
0.01256498971064033300
0.01421580427641844100
0.01412562326661724400
0.01328963170411674200
0.01077193280350954500
0.01116954710790042000
0.00771241220972533610
0.00452706811942704510
0.00467397437779311450
0.00291752874446804010
0.00206605587702710400
0.00177929782688181890
0.00124141365115088690
0.00000000000000000000
0.00000000000000000000
0.00392615526532895910
0.00819036472997660030
0.00778087804400284630
0.01090138283354101700
0.01203744382290363600
0.01226936233258561600
0.01067347112328098000
0.00807588762325617790
0.00867457508363321350
0.00688833685460054410
0.00701991803091662260
0.00689245905788574840
0.01014896098691528900
0.01480413076566517600
0.01408763119622588900
0.01847404196348525000
0.02091587267891412100
0.02078252284458013300
0.01955251638069512000
0.01584068742234739600
0.01642815784001600000
0.01133034212457949100
0.00663540000634230480
0.00685233711019193200
0.00426992300393978180
0.00302494294518456440
0.00260103760234809680
0.00181988947442517740
0.00000000000000000000
0.00000000000000000000
0.00511602550485235320
0.01067546368488444400
0.01013933596761216500
0.01420196414019999100
0.01566757963526713100
0.01597170323599259700
0.01386121942291398800
0.01044164228890464600
0.01122616880267440300
0.00887246956247399360
0.00903369822491731890
0.00886688180408492370
0.01312504634199541600
0.01921880159632764800
0.01828022778895973400
0.02402627068998956800
0.02722993656022637200
0.02705514702776222800
0.02545373478110052000
0.02060612820282470300
0.02137547298400416200
0.01471632825278506100
0.00858789916166784700
0.00887174802506006560
0.00551315655412638970
0.00390799342657290830
0.00335236718817892320
0.00235596041401363660
0.00000000000000000000
0.00000000000000000000
0.00510827998617542110
0.01066017718441387600
0.01012441060522151700
0.01418084786494800200
0.01564238673955764200
0.01594628993844754100
0.01383463748295633300
0.01041513195016580600
0.01119908719645033500
0.00884500949147773270
0.00900446555380409430
0.00883781144194892110
0.01309161314316529200
0.01918021337834691800
0.01824238710174415700
0.02398411079326170200
0.02718589558742205700
0.02701124904878655600
0.02541219233202727400
0.02056992489130209400
0.02133865702953657500
0.01468686100888112100
0.00856600459526229810
0.00884956867901015230
0.00549703631103742530
0.00389708165847271880
0.00334172482384328990
0.00235029579477667600
0.00000000000000000000
0.00000000000000000000
0.00621736592215303440
0.01297924228089603400
0.01232326304233020500
0.01725483715078481700
0.01901043041229006200
0.01938324943094797000
0.01676479871488265700
0.01254844222005931100
0.01350933765497202400
0.01060316694084748400
0.01078135402780042200
0.01057742312017249600
0.01577761769781627800
0.02323156204963685800
0.02208261052960592800
0.02911826816743468700
0.03304908438411118700
0.03283496446395027500
0.03089095352917549700
0.02498021503042427800
0.02592170797588601700
0.01780002270270468100
0.01033367079431531100
0.01068058118532295800
0.00661006629399688450
0.00468964534489864710
0.00400874619881929230
0.00283593318460172380
0.00000000000000000000
0.00000000000000000000
0.00723328727104482000
0.01510711735210067800
0.01433806955812029500
0.02006716042022169800
0.02207431656116919100
0.02251244626533183100
0.01939287725169576800
0.01440489036547818400
0.01553292502667468500
0.01208943133043156200
0.01227240970342451600
0.01203353585896042900
0.01811760555147587000
0.02685498906861296200
0.02550704054250752700
0.03376367343309733700
0.03838763664437135100
0.03813622993381576100
0.03587762980800111200
0.02897473741730802200
0.03007890046381997800
0.02059107784181007600
0.01187978952943340900
0.01228604638444142300
0.00756574359021290870
0.00537299688651209520
0.00457332672110267060
0.00326107066116868190
0.00000000000000000000
0.00000000000000000000
0.00722516556441391010
0.01509115264353910600
0.01432243040875024100
0.02004505327854587800
0.02204782093712289600
0.02248574087478953000
0.01936450678932104300
0.01437605458456084500
0.01550357369638313100
0.01205921675770948000
0.01224004544969887300
0.01200133136667568900
0.01808093657155539600
0.02681318409467004300
0.02546592922303866200
0.03371831791248022100
0.03834047746025545000
0.03808921638231228800
0.03583290610790356600
0.02893532554113044000
0.03003893147753177200
0.02055854560653588200
0.01185511241588757200
0.01226107821849463700
0.00754745623511367780
0.00536067444368778630
0.00456121227635180630
0.00325470760477767790
0.00000000000000000000
0.00000000000000000000
0.00813665713794956700
0.01700494489076347100
0.01613098481159348400
0.02256372590651882200
0.02476903854579284500
0.02526837688973194300
0.02164984233726021500
0.01591517859713432000
0.01719914911227041600
0.01323186776040418500
0.01340103178233993000
0.01312994782620064900
0.02002434287279344900
0.02995029534365837100
0.02841732215581191000
0.03781120339337432100
0.04308791004899992200
0.04280174351970599000
0.04026508227919362000
0.03246009090304175600
0.03371530772879900700
0.02298385324641576100
0.01314744806426088400
0.01360837260461705100
0.00832189414082790990
0.00591823570773745540
0.00500736629679349000
0.00361043489345269950
0.00000000000000000000
0.00000000000000000000
0.00893110342775614750
0.01867931057744319500
0.01770855715436244300
0.02475346422876757400
0.02710518763415724300
0.02766173935951848900
0.02354698372893399700
0.01709076145595496400
0.01851970083273941600
0.01404247953166615200
0.01417993439035653300
0.01387930259747324600
0.02151214080465358900
0.03253363745471073200
0.03082929780190120000
0.04127817360156377200
0.04716779806295930100
0.04684934482976787400
0.04407006497821694400
0.03545088581361027100
0.03684579943014322500
0.02499030663417567400
0.01414553566190906000
0.01465657868970710000
0.00888498005174493360
0.00632946288227922370
0.00531499336361966530
0.00388587312968271220
0.00000000000000000000
0.00000000000000000000
0.00892202084885442700
0.01866153364278620700
0.01769106603270145800
0.02472914193140176100
0.02707667667327921500
0.02763296709298145400
0.02351681957557818400
0.01706048382283964100
0.01848893772016939300
0.01401094641952303900
0.01414581537936298600
0.01384534744828567300
0.02147308109676743200
0.03248845237830277200
0.03078477053568488100
0.04122841106795175500
0.04711563144474616900
0.04679735420933967000
0.04402003147567212800
0.03540649932313597000
0.03680091362452850300
0.02495366832176728800
0.01411773303509100000
0.01462842865601571300
0.00886472704381749240
0.00631606796303932440
0.00530173091817659480
0.00387894537075995920
0.00000000000000000000
0.00000000000000000000
0.00958859021777931990
0.02007425083539655900
0.01901608171164075400
0.02655800258746053600
0.02898780415047631100
0.02959698328899296200
0.02498155423369104500
0.01782606207412631300
0.01938731896578409200
0.01441018108663502100
0.01449002575044487300
0.01416303443997300600
0.02244695397456699900
0.03445338458680621100
0.03259362634210258300
0.04400092303367135500
0.05045789741646403100
0.05011009741387851400
0.04713188794808041700
0.03780519342255851700
0.03932658805700084400
0.02649269644738223500
0.01478382188392286100
0.01533951998176155700
0.00918749024520547350
0.00656051918121440620
0.00545090163427412990
0.00406318106279899590
0.00000000000000000000
0.00000000000000000000
0.01011222962509637800
0.02119509830845962500
0.02005880396911071200
0.02798471988223539400
0.03042663152962038500
0.03108395522335227400
0.02596485496746649800
0.01813371181532187300
0.01981497738233038700
0.01434913983233835800
0.01434607313217086900
0.01399580603065878800
0.02284467584051699100
0.03572607920891912600
0.03372637346461183900
0.04599572424550834500
0.05297444507891573700
0.05260017137957793300
0.04946525472660342300
0.03953615370637342300
0.04117120798671936700
0.02750253776406909000
0.01507142287331181300
0.01566645272940704600
0.00923678189842397360
0.00661624726092911470
0.00541989802344431100
0.00414439217729552400
0.00000000000000000000
0.00000000000000000000
0.01010011751600173000
0.02117247041836225000
0.02003625878825253400
0.02795573920028195800
0.03039582012011182700
0.03105251818688447100
0.02593532977432696400
0.01810748400455005800
0.01978809823829436700
0.01432350985777140600
0.01431776689038109300
0.01396773695577192100
0.02280926778689088700
0.03568081576279086300
0.03368196248413974500
0.04594213074716540400
0.05291567398167682000
0.05254172383712894800
0.04940784590895638100
0.03948551151584619300
0.04112001067539188000
0.02746222193187030500
0.01504279192459271800
0.01563716777400752500
0.00921787796341334840
0.00660526663828793320
0.00540879364926340890
0.00413901244412766610
0.00000000000000000000
0.00000000000000000000
0.01049064487891890300
0.02202195784221716600
0.02081575835046577100
0.02900491350476916100
0.03138348221619023700
0.03208464460453813700
0.02644484050310601900
0.01794633311527782700
0.01973671339654427300
0.01377979188616536300
0.01365944174574765200
0.01328896926453938300
0.02261527009898238100
0.03626481157311353700
0.03413929073668388300
0.04717913259585544700
0.05463780873506322900
0.05423999204460162200
0.05099040187898029600
0.04056314641282524100
0.04230040571603564700
0.02794218977983708600
0.01493745490311664300
0.01556631100189454600
0.00897684973168384230
0.00646012954995271550
0.00518383851891181070
0.00411163607274737770
0.00000000000000000000
0.00000000000000000000
0.01074409772796603900
0.02260094660872320700
0.02133118290513403400
0.02968558748155164900
0.03193708911740837700
0.03267777965576564700
0.02649953538813809600
0.01733401042429494300
0.01922407771145839100
0.01276724377216284700
0.01249872523435732200
0.01211093143832905700
0.02184215352633869100
0.03617533040173296500
0.03393646656113646200
0.04767516093545629000
0.05557994421984951300
0.05516143618496566900
0.05183098256114397600
0.04098732923473714900
0.04281698631048999600
0.02788634680570516200
0.01443195513642449100
0.01508928863084334000
0.00844222493485686370
0.00611875730922467260
0.00476749892898164440
0.00398171279585063810
0.00000000000000000000
0.00000000000000000000
0.01071783313085199500
0.02255464343382406300
0.02128572826469078300
0.02963198182403719100
0.03188789951188099300
0.03262606641421137600
0.02646613617852395400
0.01732219515332143400
0.01920848218016077400
0.01276519948393142400
0.01249705242863894200
0.01211020517154098300
0.02182139072833569700
0.03612510736830425200
0.03389081791489266500
0.04760029788393192000
0.05548611791027564800
0.05506879226042986400
0.05174066392360199300
0.04091409022395363400
0.04274037158086742300
0.02783697835380580600
0.01440952106006962400
0.01506462646055566200
0.00843456659856872510
0.00611960766117588310
0.00476898809117388190
0.00398414429341681970
0.00000000000000000000
0.00000000000000000000
0.01083576274543069000
0.02286688573625708000
0.02153874261327930200
0.02994590796199624700
0.03200195966337855700
0.03277581191871206700
0.02603870039664504800
0.01620371625581882400
0.01818392439095107800
0.01121035681923542900
0.01074926657299470600
0.01034765830434963500
0.02039492736605150900
0.03530897249131354600
0.03296980419977912900
0.04731943279303767900
0.05562675116768834400
0.05519143294783429600
0.05181204571860809800
0.04064356021449422300
0.04255607523958913200
0.02719264659218738300
0.01344298639690122100
0.01412106502356859400
0.00755578798398180450
0.00554920714764579530
0.00412583663949126710
0.00373492284981115190
0.00000000000000000000
0.00000000000000000000
0.01075340084264718300
0.02280071032432223100
0.02141984658912388100
0.02976861865092264200
0.03156953723176995900
0.03236820550265981400
0.02506961547761215800
0.01458175015416866300
0.01663959101312262700
0.00914536108807903830
0.00845138787480444530
0.00804015694708786100
0.01830342188970070200
0.03367776645364321100
0.03125485530936215200
0.04610896367161473900
0.05476201341506933100
0.05431458393082776900
0.05091885260539491500
0.03952559112161386400
0.04150878146588278500
0.02586608831657344000
0.01198829212498363200
0.01267776789253239000
0.00633817175139477810
0.00477060249962600780
0.00327849330710252610
0.00338318849912433660
0.00000000000000000000
0.00000000000000000000
0.01068973354556122500
0.02268149417303209900
0.02130684293868288800
0.02962769135052872900
0.03144279736148699500
0.03223470099519642300
0.02500987043628073700
0.01461339160783271300
0.01665586432086773800
0.00922804559012581000
0.00855053160565891380
0.00814222884111017940
0.01833968285315292600
0.03360959813298678600
0.03120462101773496100
0.04595396691224980900
0.05454069055065836900
0.05409659273142174200
0.05071649215599242900
0.03938970430830368600
0.04135853516027885500
0.02580867949845513200
0.01201001367138654900
0.01269423493026094000
0.00638053315198464260
0.00480602019808541460
0.00332053512341732750
0.00340342500269327600
0.00000000000000000000
0.00000000000000000000
0.01038868974293918700
0.02222879511264498600
0.02079812356165721200
0.02897016140773065600
0.03048769553387485600
0.03129140251130137900
0.02348606414016020400
0.01241851322395948500
0.01453180676986025000
0.00653930757968423060
0.00556285309293132540
0.00514968700125813510
0.01546686250808911400
0.03109628832610317200
0.02861878477247232000
0.04378665899768871600
0.05266933493815522500
0.05221910602142282300
0.04883563017220785700
0.03735515616947789100
0.03938902685952272400
0.02369728534208802700
0.00994854460052271850
0.01062931022669411600
0.00474139898901067110
0.00379416500787098550
0.00223211081291864240
0.00294787338818477700
0.00000000000000000000
0.00000000000000000000
0.00970676906211951140
0.02108381527930409600
0.01961146894691271800
0.02747104672772569800
0.02868865753795366000
0.02947352767797782900
0.02127451125896291300
0.00977404669303896630
0.01190859343700963700
0.00349737751519849610
0.00220816974006535820
0.00180266822587828300
0.01196617583988794600
0.02756935199117833600
0.02508026758274666700
0.04029430459082732800
0.04924261745876756100
0.04880086151246727100
0.04547324940221061900
0.03409420826072238900
0.03614728468194121400
0.02070194976858014500
0.00738902184002562800
0.00803820529709917650
0.00283204231336613370
0.00266582206630205190
0.00103852953052430920
0.00245296330106218540
0.00000000000000000000
0.00000000000000000000
0.00960173148934715010
0.02081544100921699200
0.01937982315268630200
0.02710695904980269700
0.02832473904332729500
0.02909825677194271100
0.02112128395195985200
0.00992288204372579470
0.01200733356327384100
0.00383545707555602930
0.00262181059902707100
0.00222360141851751750
0.01219455423136274500
0.02747245512131080500
0.02503948616985736400
0.03992727832429120900
0.04868044054853103800
0.04824633618699035500
0.04498960963374149700
0.03384420467699392200
0.03584873142306917200
0.02069770833928596600
0.00760138542934571910
0.00824412846747730330
0.00303586791257256640
0.00275242327002963620
0.00116766139638030610
0.00246887542163659600
0.00000000000000000000
0.00000000000000000000
0.00837426356953687760
0.01883172619212773000
0.01733238361170855900
0.02467763344206378200
0.02567014762653671600
0.02637922161229430700
0.01822094102975546300
0.00681368918898593230
0.00886852226257724830
0.00038737654617440452
-0.00117623322955804470
-0.00155108264500153990
0.00796880619452333510
0.02282834268401707400
0.02045024747982706500
0.03500461856084885500
0.04356764707408764700
0.04316077674909624100
0.03999330391459526800
0.02916746811206662900
0.03114648201519224600
0.01661953521573220100
0.00438423184427822690
0.00495311948490880640
0.00079557315009101464
0.00159563005934706110
-0.00008934133643482498
0.00206090914016506800
0.00000000000000000000
0.00000000000000000000
0.00636720598893896100
0.01534141878856147000
0.01386859067019089200
0.02035641942800131600
0.02115704952188416500
0.02173283193990767400
0.01421984650398933100
0.00368556949804192200
0.00551556247066133970
-0.00247101939697459740
-0.00419008076565775300
-0.00450663728150960380
0.00373253326959747250
0.01686986655989854800
0.01477298334704712200
0.02770023443309902600
0.03527793054662693700
0.03493661354663868400
0.03211033545030874500
0.02249827990144315600
0.02426576400040709000
0.01156987229642013300
0.00120563303296230720
0.00164950999547535490
-0.00116351798737921850
0.00062452193800507385
-0.00106555785450465880
0.00175833804571019140
0.00000000000000000000
0.00000000000000000000
0.00645885173613295820
0.01486841265340862300
0.01356824792121776600
0.01959421187281874800
0.02032190048546724300
0.02088651717776197900
0.01383646276734491100
0.00400617925725270910
0.00574596902219241030
-0.00165285898118618730
-0.00319230822155805360
-0.00349868484394278130
0.00435021640849549490
0.01675936580877334500
0.01475813649033084900
0.02695609071868010400
0.03413995835604759200
0.03380872416524487200
0.03115580590410611500
0.02212225239111777600
0.02379999175213596800
0.01179396627786596400
0.00187518995461734390
0.00231371170654794770
-0.00060290566015942120
0.00069721792857238335
-0.00077598375536141974
0.00146986832504761690
0.00000000000000000000
0.00000000000000000000
0.00333915629446548480
0.00916896656655078260
0.00808247255689647190
0.01235511944004738300
0.01287124687058761200
0.01320889089386372400
0.00829537327228209440
0.00133708215380194890
0.00248913120100045100
-0.00287276562992900500
-0.00412193787661777840
-0.00431259840553521990
0.00084530235348388195
0.00924895622788534340
0.00794110953234830090
0.01623622182744955500
0.02105139397594172800
0.02084699635685245700
0.01902461497535711000
0.01281880304769263800
0.01393492811351113700
0.00585488985344120770
-0.00054733353559385930
-0.00029235902396221596
-0.00165942936754913980
0.00012848115217772071
-0.00114975156138508910
0.00138383098320812030
0.00000000000000000000
0.00000000000000000000
0.00000000000000000000
0.00000000000000000000
0.00000000000000000000
0.00000000000000000000
0.00000000000000000000
0.00000000000000000000
0.00000000000000000000
0.00000000000000000000
0.00000000000000000000
0.00000000000000000000
0.00000000000000000000
0.00000000000000000000
0.00000000000000000000
0.00000000000000000000
0.00000000000000000000
0.00000000000000000000
0.00000000000000000000
0.00000000000000000000
0.00000000000000000000
0.00000000000000000000
0.00000000000000000000
0.00000000000000000000
0.00000000000000000000
0.00000000000000000000
0.00000000000000000000
0.00000000000000000000
0.00000000000000000000
0.00000000000000000000
0.00000000000000000000
