0
0 1 2 15 16 17 30 31 32 
-1 1 -1 5 
0
3 4 5 18 19 20 33 34 35 
0 2 -1 6 
1
6 7 8 21 22 23 36 37 38 
1 3 -1 7 
1
9 10 11 24 25 26 39 40 41 
2 4 -1 8 
1
12 13 14 27 28 29 42 43 44 
3 -1 -1 9 
0
45 46 47 60 61 62 75 76 77 
-1 6 0 10 
0
48 49 50 63 64 65 78 79 80 
5 7 1 11 
1
51 52 53 66 67 68 81 82 83 
6 8 2 12 
1
54 55 56 69 70 71 84 85 86 
7 9 3 13 
1
57 58 59 72 73 74 87 88 89 
8 -1 4 14 
2
90 91 92 105 106 107 120 121 122 
-1 11 5 15 
2
93 94 95 108 109 110 123 124 125 
10 12 6 16 
3
96 97 98 111 112 113 126 127 128 
11 13 7 17 
3
99 100 101 114 115 116 129 130 131 
12 14 8 18 
3
102 103 104 117 118 119 132 133 134 
13 -1 9 19 
2
135 136 137 150 151 152 165 166 167 
-1 16 10 20 
2
138 139 140 153 154 155 168 169 170 
15 17 11 21 
3
141 142 143 156 157 158 171 172 173 
16 18 12 22 
3
144 145 146 159 160 161 174 175 176 
17 19 13 23 
3
147 148 149 162 163 164 177 178 179 
18 -1 14 24 
2
180 181 182 195 196 197 210 211 212 
-1 21 15 25 
2
183 184 185 198 199 200 213 214 215 
20 22 16 26 
3
186 187 188 201 202 203 216 217 218 
21 23 17 27 
3
189 190 191 204 205 206 219 220 221 
22 24 18 28 
3
192 193 194 207 208 209 222 223 224 
23 -1 19 29 
2
225 226 227 240 241 242 255 256 257 
-1 26 20 -1 
2
228 229 230 243 244 245 258 259 260 
25 27 21 -1 
3
231 232 233 246 247 248 261 262 263 
26 28 22 -1 
3
234 235 236 249 250 251 264 265 266 
27 29 23 -1 
3
237 238 239 252 253 254 267 268 269 
28 -1 24 -1 
