270
0.00000000000000000000 0.00000000000000000000
0.66666666666666663000 0.00000000000000000000
1.33333333333333330000 0.00000000000000000000
1.33333333333333330000 0.00000000000000000000
1.66666666666666650000 0.00000000000000000000
2.00000000000000000000 0.00000000000000000000
2.00000000000000000000 0.00000000000000000000
2.50000000000000000000 0.00000000000000000000
3.00000000000000000000 0.00000000000000000000
3.00000000000000000000 0.00000000000000000000
3.50000000000000000000 0.00000000000000000000
4.00000000000000000000 0.00000000000000000000
4.00000000000000000000 0.00000000000000000000
4.50000000000000000000 0.00000000000000000000
5.00000000000000000000 0.00000000000000000000
0.00000000000000000000 0.75000000000000000000
0.66666666666666663000 0.75000000000000000000
1.33333333333333330000 0.75000000000000000000
1.33333333333333330000 0.75000000000000000000
1.66666666666666650000 0.75000000000000000000
2.00000000000000000000 0.75000000000000000000
2.00000000000000000000 0.75000000000000000000
2.50000000000000000000 0.75000000000000000000
3.00000000000000000000 0.75000000000000000000
3.00000000000000000000 0.75000000000000000000
3.50000000000000000000 0.75000000000000000000
4.00000000000000000000 0.75000000000000000000
4.00000000000000000000 0.75000000000000000000
4.50000000000000000000 0.75000000000000000000
5.00000000000000000000 0.75000000000000000000
0.00000000000000000000 1.50000000000000000000
0.66666666666666663000 1.50000000000000000000
1.33333333333333330000 1.50000000000000000000
1.33333333333333330000 1.50000000000000000000
1.66666666666666650000 1.50000000000000000000
2.00000000000000000000 1.50000000000000000000
2.00000000000000000000 1.50000000000000000000
2.50000000000000000000 1.50000000000000000000
3.00000000000000000000 1.50000000000000000000
3.00000000000000000000 1.50000000000000000000
3.50000000000000000000 1.50000000000000000000
4.00000000000000000000 1.50000000000000000000
4.00000000000000000000 1.50000000000000000000
4.50000000000000000000 1.50000000000000000000
5.00000000000000000000 1.50000000000000000000
0.00000000000000000000 1.50000000000000000000
0.66666666666666663000 1.50000000000000000000
1.33333333333333330000 1.50000000000000000000
1.33333333333333330000 1.50000000000000000000
1.66666666666666650000 1.50000000000000000000
2.00000000000000000000 1.50000000000000000000
2.00000000000000000000 1.50000000000000000000
2.50000000000000000000 1.50000000000000000000
3.00000000000000000000 1.50000000000000000000
3.00000000000000000000 1.50000000000000000000
3.50000000000000000000 1.50000000000000000000
4.00000000000000000000 1.50000000000000000000
4.00000000000000000000 1.50000000000000000000
4.50000000000000000000 1.50000000000000000000
5.00000000000000000000 1.50000000000000000000
0.00000000000000000000 2.25000000000000000000
0.66666666666666663000 2.25000000000000000000
1.33333333333333330000 2.25000000000000000000
1.33333333333333330000 2.25000000000000000000
1.66666666666666650000 2.25000000000000000000
2.00000000000000000000 2.25000000000000000000
2.00000000000000000000 2.25000000000000000000
2.50000000000000000000 2.25000000000000000000
3.00000000000000000000 2.25000000000000000000
3.00000000000000000000 2.25000000000000000000
3.50000000000000000000 2.25000000000000000000
4.00000000000000000000 2.25000000000000000000
4.00000000000000000000 2.25000000000000000000
4.50000000000000000000 2.25000000000000000000
5.00000000000000000000 2.25000000000000000000
0.00000000000000000000 3.00000000000000000000
0.66666666666666663000 3.00000000000000000000
1.33333333333333330000 3.00000000000000000000
1.33333333333333330000 3.00000000000000000000
1.66666666666666650000 3.00000000000000000000
2.00000000000000000000 3.00000000000000000000
2.00000000000000000000 3.00000000000000000000
2.50000000000000000000 3.00000000000000000000
3.00000000000000000000 3.00000000000000000000
3.00000000000000000000 3.00000000000000000000
3.50000000000000000000 3.00000000000000000000
4.00000000000000000000 3.00000000000000000000
4.00000000000000000000 3.00000000000000000000
4.50000000000000000000 3.00000000000000000000
5.00000000000000000000 3.00000000000000000000
0.00000000000000000000 3.00000000000000000000
0.66666666666666663000 3.00000000000000000000
1.33333333333333330000 3.00000000000000000000
1.33333333333333330000 3.00000000000000000000
1.66666666666666650000 3.00000000000000000000
2.00000000000000000000 3.00000000000000000000
2.00000000000000000000 3.00000000000000000000
2.50000000000000000000 3.00000000000000000000
3.00000000000000000000 3.00000000000000000000
3.00000000000000000000 3.00000000000000000000
3.50000000000000000000 3.00000000000000000000
4.00000000000000000000 3.00000000000000000000
4.00000000000000000000 3.00000000000000000000
4.50000000000000000000 3.00000000000000000000
5.00000000000000000000 3.00000000000000000000
0.00000000000000000000 3.37647058823529410000
0.66666666666666663000 3.37647058823529410000
1.33333333333333330000 3.37647058823529410000
1.33333333333333330000 3.37647058823529410000
1.66666666666666650000 3.37647058823529410000
2.00000000000000000000 3.37647058823529410000
2.00000000000000000000 3.37647058823529410000
2.50000000000000000000 3.37647058823529410000
3.00000000000000000000 3.37647058823529410000
3.00000000000000000000 3.37647058823529410000
3.50000000000000000000 3.37647058823529410000
4.00000000000000000000 3.37647058823529410000
4.00000000000000000000 3.37647058823529410000
4.50000000000000000000 3.37647058823529410000
5.00000000000000000000 3.37647058823529410000
0.00000000000000000000 3.75294117647058820000
0.66666666666666663000 3.75294117647058820000
1.33333333333333330000 3.75294117647058820000
1.33333333333333330000 3.75294117647058820000
1.66666666666666650000 3.75294117647058820000
2.00000000000000000000 3.75294117647058820000
2.00000000000000000000 3.75294117647058820000
2.50000000000000000000 3.75294117647058820000
3.00000000000000000000 3.75294117647058820000
3.00000000000000000000 3.75294117647058820000
3.50000000000000000000 3.75294117647058820000
4.00000000000000000000 3.75294117647058820000
4.00000000000000000000 3.75294117647058820000
4.50000000000000000000 3.75294117647058820000
5.00000000000000000000 3.75294117647058820000
0.00000000000000000000 3.75294117647058820000
0.66666666666666663000 3.75294117647058820000
1.33333333333333330000 3.75294117647058820000
1.33333333333333330000 3.75294117647058820000
1.66666666666666650000 3.75294117647058820000
2.00000000000000000000 3.75294117647058820000
2.00000000000000000000 3.75294117647058820000
2.50000000000000000000 3.75294117647058820000
3.00000000000000000000 3.75294117647058820000
3.00000000000000000000 3.75294117647058820000
3.50000000000000000000 3.75294117647058820000
4.00000000000000000000 3.75294117647058820000
4.00000000000000000000 3.75294117647058820000
4.50000000000000000000 3.75294117647058820000
5.00000000000000000000 3.75294117647058820000
0.00000000000000000000 3.84705882352941190000
0.66666666666666663000 3.84705882352941190000
1.33333333333333330000 3.84705882352941190000
1.33333333333333330000 3.84705882352941190000
1.66666666666666650000 3.84705882352941190000
2.00000000000000000000 3.84705882352941190000
2.00000000000000000000 3.84705882352941190000
2.50000000000000000000 3.84705882352941190000
3.00000000000000000000 3.84705882352941190000
3.00000000000000000000 3.84705882352941190000
3.50000000000000000000 3.84705882352941190000
4.00000000000000000000 3.84705882352941190000
4.00000000000000000000 3.84705882352941190000
4.50000000000000000000 3.84705882352941190000
5.00000000000000000000 3.84705882352941190000
0.00000000000000000000 3.94117647058823550000
0.66666666666666663000 3.94117647058823550000
1.33333333333333330000 3.94117647058823550000
1.33333333333333330000 3.94117647058823550000
1.66666666666666650000 3.94117647058823550000
2.00000000000000000000 3.94117647058823550000
2.00000000000000000000 3.94117647058823550000
2.50000000000000000000 3.94117647058823550000
3.00000000000000000000 3.94117647058823550000
3.00000000000000000000 3.94117647058823550000
3.50000000000000000000 3.94117647058823550000
4.00000000000000000000 3.94117647058823550000
4.00000000000000000000 3.94117647058823550000
4.50000000000000000000 3.94117647058823550000
5.00000000000000000000 3.94117647058823550000
0.00000000000000000000 3.94117647058823550000
0.66666666666666663000 3.94117647058823550000
1.33333333333333330000 3.94117647058823550000
1.33333333333333330000 3.94117647058823550000
1.66666666666666650000 3.94117647058823550000
2.00000000000000000000 3.94117647058823550000
2.00000000000000000000 3.94117647058823550000
2.50000000000000000000 3.94117647058823550000
3.00000000000000000000 3.94117647058823550000
3.00000000000000000000 3.94117647058823550000
3.50000000000000000000 3.94117647058823550000
4.00000000000000000000 3.94117647058823550000
4.00000000000000000000 3.94117647058823550000
4.50000000000000000000 3.94117647058823550000
5.00000000000000000000 3.94117647058823550000
0.00000000000000000000 3.96470588235294130000
0.66666666666666663000 3.96470588235294130000
1.33333333333333330000 3.96470588235294130000
1.33333333333333330000 3.96470588235294130000
1.66666666666666650000 3.96470588235294130000
2.00000000000000000000 3.96470588235294130000
2.00000000000000000000 3.96470588235294130000
2.50000000000000000000 3.96470588235294130000
3.00000000000000000000 3.96470588235294130000
3.00000000000000000000 3.96470588235294130000
3.50000000000000000000 3.96470588235294130000
4.00000000000000000000 3.96470588235294130000
4.00000000000000000000 3.96470588235294130000
4.50000000000000000000 3.96470588235294130000
5.00000000000000000000 3.96470588235294130000
0.00000000000000000000 3.98823529411764710000
0.66666666666666663000 3.98823529411764710000
1.33333333333333330000 3.98823529411764710000
1.33333333333333330000 3.98823529411764710000
1.66666666666666650000 3.98823529411764710000
2.00000000000000000000 3.98823529411764710000
2.00000000000000000000 3.98823529411764710000
2.50000000000000000000 3.98823529411764710000
3.00000000000000000000 3.98823529411764710000
3.00000000000000000000 3.98823529411764710000
3.50000000000000000000 3.98823529411764710000
4.00000000000000000000 3.98823529411764710000
4.00000000000000000000 3.98823529411764710000
4.50000000000000000000 3.98823529411764710000
5.00000000000000000000 3.98823529411764710000
0.00000000000000000000 3.98823529411764710000
0.66666666666666663000 3.98823529411764710000
1.33333333333333330000 3.98823529411764710000
1.33333333333333330000 3.98823529411764710000
1.66666666666666650000 3.98823529411764710000
2.00000000000000000000 3.98823529411764710000
2.00000000000000000000 3.98823529411764710000
2.50000000000000000000 3.98823529411764710000
3.00000000000000000000 3.98823529411764710000
3.00000000000000000000 3.98823529411764710000
3.50000000000000000000 3.98823529411764710000
4.00000000000000000000 3.98823529411764710000
4.00000000000000000000 3.98823529411764710000
4.50000000000000000000 3.98823529411764710000
5.00000000000000000000 3.98823529411764710000
0.00000000000000000000 3.99411764705882360000
0.66666666666666663000 3.99411764705882360000
1.33333333333333330000 3.99411764705882360000
1.33333333333333330000 3.99411764705882360000
1.66666666666666650000 3.99411764705882360000
2.00000000000000000000 3.99411764705882360000
2.00000000000000000000 3.99411764705882360000
2.50000000000000000000 3.99411764705882360000
3.00000000000000000000 3.99411764705882360000
3.00000000000000000000 3.99411764705882360000
3.50000000000000000000 3.99411764705882360000
4.00000000000000000000 3.99411764705882360000
4.00000000000000000000 3.99411764705882360000
4.50000000000000000000 3.99411764705882360000
5.00000000000000000000 3.99411764705882360000
0.00000000000000000000 4.00000000000000000000
0.66666666666666663000 4.00000000000000000000
1.33333333333333330000 4.00000000000000000000
1.33333333333333330000 4.00000000000000000000
1.66666666666666650000 4.00000000000000000000
2.00000000000000000000 4.00000000000000000000
2.00000000000000000000 4.00000000000000000000
2.50000000000000000000 4.00000000000000000000
3.00000000000000000000 4.00000000000000000000
3.00000000000000000000 4.00000000000000000000
3.50000000000000000000 4.00000000000000000000
4.00000000000000000000 4.00000000000000000000
4.00000000000000000000 4.00000000000000000000
4.50000000000000000000 4.00000000000000000000
5.00000000000000000000 4.00000000000000000000
