0
0 1 2 18 19 20 36 37 38 
-1 1 -1 6 
0
3 4 5 21 22 23 39 40 41 
0 2 -1 7 
0
6 7 8 24 25 26 42 43 44 
1 3 -1 8 
0
9 10 11 27 28 29 45 46 47 
2 4 -1 9 
0
12 13 14 30 31 32 48 49 50 
3 5 -1 10 
0
15 16 17 33 34 35 51 52 53 
4 -1 -1 11 
0
54 55 56 72 73 74 90 91 92 
-1 7 0 12 
0
57 58 59 75 76 77 93 94 95 
6 8 1 13 
0
60 61 62 78 79 80 96 97 98 
7 9 2 14 
0
63 64 65 81 82 83 99 100 101 
8 10 3 15 
0
66 67 68 84 85 86 102 103 104 
9 11 4 16 
0
69 70 71 87 88 89 105 106 107 
10 -1 5 17 
0
108 109 110 126 127 128 144 145 146 
-1 13 6 18 
0
111 112 113 129 130 131 147 148 149 
12 14 7 19 
0
114 115 116 132 133 134 150 151 152 
13 15 8 20 
0
117 118 119 135 136 137 153 154 155 
14 16 9 21 
0
120 121 122 138 139 140 156 157 158 
15 17 10 22 
0
123 124 125 141 142 143 159 160 161 
16 -1 11 23 
0
162 163 164 180 181 182 198 199 200 
-1 19 12 24 
0
165 166 167 183 184 185 201 202 203 
18 20 13 25 
0
168 169 170 186 187 188 204 205 206 
19 21 14 26 
0
171 172 173 189 190 191 207 208 209 
20 22 15 27 
0
174 175 176 192 193 194 210 211 212 
21 23 16 28 
0
177 178 179 195 196 197 213 214 215 
22 -1 17 29 
0
216 217 218 234 235 236 252 253 254 
-1 25 18 30 
0
219 220 221 237 238 239 255 256 257 
24 26 19 31 
0
222 223 224 240 241 242 258 259 260 
25 27 20 32 
0
225 226 227 243 244 245 261 262 263 
26 28 21 33 
0
228 229 230 246 247 248 264 265 266 
27 29 22 34 
0
231 232 233 249 250 251 267 268 269 
28 -1 23 35 
0
270 271 272 288 289 290 306 307 308 
-1 31 24 -1 
0
273 274 275 291 292 293 309 310 311 
30 32 25 -1 
0
276 277 278 294 295 296 312 313 314 
31 33 26 -1 
0
279 280 281 297 298 299 315 316 317 
32 34 27 -1 
0
282 283 284 300 301 302 318 319 320 
33 35 28 -1 
0
285 286 287 303 304 305 321 322 323 
34 -1 29 -1 
