0.00000000000000000000
0.00000000000000000000
0.00000000000000000000
0.00000000000000000000
0.00000000000000000000
0.00000000000000000000
0.00000000000000000000
0.00000000000000000000
0.00000000000000000000
0.00000000000000000000
0.00000000000000000000
0.00000000000000000000
0.00000000000000000000
0.00000000000000000000
0.00000000000000000000
0.00000000000000000000
0.00000000000000000000
0.00000000000000000000
0.00000000000000000000
0.06249999999939205600
0.24999999999943728000
0.24999999999948486000
0.56250000000081646000
1.00000000000056420000
0.99999999999990841000
1.56249999999791860000
2.24999999999637050000
2.24999999999407670000
3.06249999999684520000
4.00000000000127280000
4.00000000000071760000
5.06250000000381210000
6.25000000000529350000
6.25000000000538590000
7.56250000000286170000
8.99999999999999820000
0.00000000000000000000
0.24999999999944356000
0.99999999999867661000
0.99999999999932698000
2.25000000000068920000
3.99999999999977000000
3.99999999999756240000
6.24999999999293720000
8.99999999999210050000
8.99999999998672000000
12.24999999999622300000
16.00000000000348500000
16.00000000000201800000
20.25000000000817100000
25.00000000001288200000
25.00000000001153200000
30.25000000000522200000
35.99999999999997900000
0.00000000000000000000
0.24999999999949321000
0.99999999999933020000
0.99999999999828681000
2.24999999999942980000
3.99999999999891290000
3.99999999999650640000
6.24999999999328630000
8.99999999999086600000
8.99999999998915710000
12.24999999999707600000
16.00000000000443700000
16.00000000000196100000
20.25000000000685000000
25.00000000001296400000
25.00000000000972400000
30.25000000000478900000
36.00000000000000000000
0.00000000000000000000
0.56250000000083367000
2.25000000000071010000
2.24999999999944800000
5.06249999999619060000
8.99999999999154100000
8.99999999998983920000
14.06249999998774500000
20.24999999998963000000
20.24999999998841100000
27.56249999999710800000
36.00000000000790100000
36.00000000000516600000
45.56250000001191600000
56.25000000001440300000
56.25000000001336500000
68.06250000000672200000
81.00000000000000000000
0.00000000000000000000
1.00000000000059690000
3.99999999999982810000
3.99999999999896620000
8.99999999999155880000
15.99999999998626000000
15.99999999998403100000
24.99999999998291100000
35.99999999998365800000
35.99999999998345100000
48.99999999999589300000
64.00000000000888200000
64.00000000001048800000
81.00000000001514900000
100.00000000002265000000
100.00000000002015000000
121.00000000000796000000
143.99999999999991000000
0.00000000000000000000
0.99999999999994815000
3.99999999999761920000
3.99999999999655880000
8.99999999998988720000
15.99999999998405500000
15.99999999998559200000
24.99999999998495100000
35.99999999998369300000
35.99999999998802000000
48.99999999999782600000
64.00000000000693500000
64.00000000000810000000
81.00000000001283200000
100.00000000001769000000
100.00000000001634000000
121.00000000000705000000
144.00000000000000000000
0.00000000000000000000
1.56249999999798090000
6.24999999999304200000
6.24999999999338480000
14.06249999998785300000
24.99999999998295400000
24.99999999998502200000
39.06249999998128400000
56.24999999998253500000
56.24999999998660600000
76.56249999999455700000
100.00000000000122000000
100.00000000000477000000
126.56250000000998000000
156.25000000001063000000
156.25000000001194000000
189.06250000000648000000
225.00000000000006000000
0.00000000000000000000
2.24999999999645710000
8.99999999999227640000
8.99999999999102410000
20.24999999998983600000
35.99999999998385600000
35.99999999998387800000
56.24999999998266300000
80.99999999997658100000
80.99999999998468100000
110.24999999999204000000
143.99999999999525000000
144.00000000000367000000
182.25000000000463000000
225.00000000000875000000
225.00000000000986000000
272.25000000000369000000
323.99999999999983000000
0.00000000000000000000
2.24999999999417040000
8.99999999998690650000
8.99999999998932590000
20.24999999998863500000
35.99999999998371400000
35.99999999998823300000
56.24999999998672700000
80.99999999998469500000
80.99999999998468100000
110.24999999999183000000
143.99999999999653000000
143.99999999999929000000
182.25000000000145000000
224.99999999999940000000
225.00000000000225000000
272.25000000000324000000
324.00000000000000000000
0.00000000000000000000
3.06249999999698730000
12.24999999999646500000
12.24999999999730700000
27.56249999999746000000
48.99999999999627700000
48.99999999999820200000
76.56249999999487000000
110.24999999999224000000
110.24999999999207000000
150.06249999999272000000
195.99999999999400000000
195.99999999999352000000
248.06249999999318000000
306.24999999999193000000
306.24999999999284000000
370.56249999999636000000
440.99999999999989000000
0.00000000000000000000
4.00000000000144330000
16.00000000000381200000
16.00000000000472900000
36.00000000000835600000
64.00000000000945000000
64.00000000000753200000
100.00000000000182000000
143.99999999999577000000
143.99999999999704000000
195.99999999999417000000
255.99999999999264000000
255.99999999999335000000
323.99999999998909000000
399.99999999998352000000
399.99999999998278000000
483.99999999999022000000
575.99999999999966000000
0.00000000000000000000
4.00000000000088640000
16.00000000000235200000
16.00000000000226300000
36.00000000000559900000
64.00000000001109900000
64.00000000000865400000
100.00000000000537000000
144.00000000000412000000
143.99999999999969000000
195.99999999999358000000
255.99999999999321000000
255.99999999998766000000
323.99999999998658000000
399.99999999998096000000
399.99999999997874000000
483.99999999998931000000
576.00000000000000000000
0.00000000000000000000
5.06250000000398080000
20.25000000000851600000
20.25000000000716600000
45.56250000001241300000
81.00000000001588800000
81.00000000001351500000
126.56250000001071000000
182.25000000000520000000
182.25000000000213000000
248.06249999999355000000
323.99999999998931000000
323.99999999998664000000
410.06249999998244000000
506.24999999998244000000
506.24999999998198000000
612.56249999998954000000
729.00000000000057000000
0.00000000000000000000
6.25000000000542410000
25.00000000001317000000
25.00000000001324100000
56.25000000001483600000
100.00000000002329000000
100.00000000001825000000
156.25000000001123000000
225.00000000000918000000
224.99999999999977000000
306.24999999999221000000
399.99999999998369000000
399.99999999998073000000
506.24999999998221000000
624.99999999998204000000
624.99999999998295000000
756.24999999999193000000
899.99999999999966000000
0.00000000000000000000
6.25000000000551910000
25.00000000001182300000
25.00000000000999000000
56.25000000001381300000
100.00000000002082000000
100.00000000001691000000
156.25000000001251000000
225.00000000001032000000
225.00000000000259000000
306.24999999999307000000
399.99999999998272000000
399.99999999997851000000
506.24999999998124000000
624.99999999998306000000
624.99999999998317000000
756.24999999999238000000
900.00000000000000000000
0.00000000000000000000
7.56250000000293630000
30.25000000000541400000
30.25000000000500200000
68.06250000000700600000
121.00000000000841000000
121.00000000000750000000
189.06250000000682000000
272.25000000000381000000
272.25000000000347000000
370.56249999999631000000
483.99999999998988000000
483.99999999998897000000
612.56249999998897000000
756.24999999999159000000
756.24999999999193000000
915.06249999999511000000
1088.99999999999980000000
0.00000000000000000000
8.99999999999999820000
35.99999999999997900000
36.00000000000000000000
81.00000000000000000000
143.99999999999991000000
144.00000000000000000000
225.00000000000006000000
323.99999999999983000000
324.00000000000000000000
440.99999999999989000000
575.99999999999966000000
576.00000000000000000000
729.00000000000057000000
899.99999999999966000000
900.00000000000000000000
1088.99999999999980000000
1295.99999999999930000000
