0
0 1 2 60 61 62 120 121 122 
-1 1 -1 20 
0
3 4 5 63 64 65 123 124 125 
0 2 -1 21 
0
6 7 8 66 67 68 126 127 128 
1 3 -1 22 
0
9 10 11 69 70 71 129 130 131 
2 4 -1 23 
0
12 13 14 72 73 74 132 133 134 
3 5 -1 24 
0
15 16 17 75 76 77 135 136 137 
4 6 -1 25 
0
18 19 20 78 79 80 138 139 140 
5 7 -1 26 
0
21 22 23 81 82 83 141 142 143 
6 8 -1 27 
0
24 25 26 84 85 86 144 145 146 
7 9 -1 28 
0
27 28 29 87 88 89 147 148 149 
8 10 -1 29 
0
30 31 32 90 91 92 150 151 152 
9 11 -1 30 
0
33 34 35 93 94 95 153 154 155 
10 12 -1 31 
0
36 37 38 96 97 98 156 157 158 
11 13 -1 32 
0
39 40 41 99 100 101 159 160 161 
12 14 -1 33 
0
42 43 44 102 103 104 162 163 164 
13 15 -1 34 
0
45 46 47 105 106 107 165 166 167 
14 16 -1 35 
0
48 49 50 108 109 110 168 169 170 
15 17 -1 36 
0
51 52 53 111 112 113 171 172 173 
16 18 -1 37 
0
54 55 56 114 115 116 174 175 176 
17 19 -1 38 
0
57 58 59 117 118 119 177 178 179 
18 -1 -1 39 
0
180 181 182 240 241 242 300 301 302 
-1 21 0 40 
0
183 184 185 243 244 245 303 304 305 
20 22 1 41 
0
186 187 188 246 247 248 306 307 308 
21 23 2 42 
0
189 190 191 249 250 251 309 310 311 
22 24 3 43 
0
192 193 194 252 253 254 312 313 314 
23 25 4 44 
0
195 196 197 255 256 257 315 316 317 
24 26 5 45 
0
198 199 200 258 259 260 318 319 320 
25 27 6 46 
0
201 202 203 261 262 263 321 322 323 
26 28 7 47 
0
204 205 206 264 265 266 324 325 326 
27 29 8 48 
0
207 208 209 267 268 269 327 328 329 
28 30 9 49 
0
210 211 212 270 271 272 330 331 332 
29 31 10 50 
0
213 214 215 273 274 275 333 334 335 
30 32 11 51 
0
216 217 218 276 277 278 336 337 338 
31 33 12 52 
0
219 220 221 279 280 281 339 340 341 
32 34 13 53 
0
222 223 224 282 283 284 342 343 344 
33 35 14 54 
0
225 226 227 285 286 287 345 346 347 
34 36 15 55 
0
228 229 230 288 289 290 348 349 350 
35 37 16 56 
0
231 232 233 291 292 293 351 352 353 
36 38 17 57 
0
234 235 236 294 295 296 354 355 356 
37 39 18 58 
0
237 238 239 297 298 299 357 358 359 
38 -1 19 59 
0
360 361 362 420 421 422 480 481 482 
-1 41 20 60 
0
363 364 365 423 424 425 483 484 485 
40 42 21 61 
0
366 367 368 426 427 428 486 487 488 
41 43 22 62 
0
369 370 371 429 430 431 489 490 491 
42 44 23 63 
0
372 373 374 432 433 434 492 493 494 
43 45 24 64 
0
375 376 377 435 436 437 495 496 497 
44 46 25 65 
0
378 379 380 438 439 440 498 499 500 
45 47 26 66 
0
381 382 383 441 442 443 501 502 503 
46 48 27 67 
0
384 385 386 444 445 446 504 505 506 
47 49 28 68 
0
387 388 389 447 448 449 507 508 509 
48 50 29 69 
0
390 391 392 450 451 452 510 511 512 
49 51 30 70 
0
393 394 395 453 454 455 513 514 515 
50 52 31 71 
0
396 397 398 456 457 458 516 517 518 
51 53 32 72 
0
399 400 401 459 460 461 519 520 521 
52 54 33 73 
0
402 403 404 462 463 464 522 523 524 
53 55 34 74 
0
405 406 407 465 466 467 525 526 527 
54 56 35 75 
0
408 409 410 468 469 470 528 529 530 
55 57 36 76 
0
411 412 413 471 472 473 531 532 533 
56 58 37 77 
0
414 415 416 474 475 476 534 535 536 
57 59 38 78 
0
417 418 419 477 478 479 537 538 539 
58 -1 39 79 
0
540 541 542 600 601 602 660 661 662 
-1 61 40 80 
0
543 544 545 603 604 605 663 664 665 
60 62 41 81 
0
546 547 548 606 607 608 666 667 668 
61 63 42 82 
0
549 550 551 609 610 611 669 670 671 
62 64 43 83 
0
552 553 554 612 613 614 672 673 674 
63 65 44 84 
0
555 556 557 615 616 617 675 676 677 
64 66 45 85 
0
558 559 560 618 619 620 678 679 680 
65 67 46 86 
0
561 562 563 621 622 623 681 682 683 
66 68 47 87 
0
564 565 566 624 625 626 684 685 686 
67 69 48 88 
0
567 568 569 627 628 629 687 688 689 
68 70 49 89 
0
570 571 572 630 631 632 690 691 692 
69 71 50 90 
0
573 574 575 633 634 635 693 694 695 
70 72 51 91 
0
576 577 578 636 637 638 696 697 698 
71 73 52 92 
0
579 580 581 639 640 641 699 700 701 
72 74 53 93 
0
582 583 584 642 643 644 702 703 704 
73 75 54 94 
0
585 586 587 645 646 647 705 706 707 
74 76 55 95 
0
588 589 590 648 649 650 708 709 710 
75 77 56 96 
0
591 592 593 651 652 653 711 712 713 
76 78 57 97 
0
594 595 596 654 655 656 714 715 716 
77 79 58 98 
0
597 598 599 657 658 659 717 718 719 
78 -1 59 99 
0
720 721 722 780 781 782 840 841 842 
-1 81 60 100 
0
723 724 725 783 784 785 843 844 845 
80 82 61 101 
0
726 727 728 786 787 788 846 847 848 
81 83 62 102 
0
729 730 731 789 790 791 849 850 851 
82 84 63 103 
0
732 733 734 792 793 794 852 853 854 
83 85 64 104 
0
735 736 737 795 796 797 855 856 857 
84 86 65 105 
0
738 739 740 798 799 800 858 859 860 
85 87 66 106 
0
741 742 743 801 802 803 861 862 863 
86 88 67 107 
0
744 745 746 804 805 806 864 865 866 
87 89 68 108 
0
747 748 749 807 808 809 867 868 869 
88 90 69 109 
0
750 751 752 810 811 812 870 871 872 
89 91 70 110 
0
753 754 755 813 814 815 873 874 875 
90 92 71 111 
0
756 757 758 816 817 818 876 877 878 
91 93 72 112 
0
759 760 761 819 820 821 879 880 881 
92 94 73 113 
0
762 763 764 822 823 824 882 883 884 
93 95 74 114 
0
765 766 767 825 826 827 885 886 887 
94 96 75 115 
0
768 769 770 828 829 830 888 889 890 
95 97 76 116 
0
771 772 773 831 832 833 891 892 893 
96 98 77 117 
0
774 775 776 834 835 836 894 895 896 
97 99 78 118 
0
777 778 779 837 838 839 897 898 899 
98 -1 79 119 
0
900 901 902 960 961 962 1020 1021 1022 
-1 101 80 120 
0
903 904 905 963 964 965 1023 1024 1025 
100 102 81 121 
0
906 907 908 966 967 968 1026 1027 1028 
101 103 82 122 
0
909 910 911 969 970 971 1029 1030 1031 
102 104 83 123 
0
912 913 914 972 973 974 1032 1033 1034 
103 105 84 124 
0
915 916 917 975 976 977 1035 1036 1037 
104 106 85 125 
0
918 919 920 978 979 980 1038 1039 1040 
105 107 86 126 
0
921 922 923 981 982 983 1041 1042 1043 
106 108 87 127 
0
924 925 926 984 985 986 1044 1045 1046 
107 109 88 128 
0
927 928 929 987 988 989 1047 1048 1049 
108 110 89 129 
0
930 931 932 990 991 992 1050 1051 1052 
109 111 90 130 
0
933 934 935 993 994 995 1053 1054 1055 
110 112 91 131 
0
936 937 938 996 997 998 1056 1057 1058 
111 113 92 132 
0
939 940 941 999 1000 1001 1059 1060 1061 
112 114 93 133 
0
942 943 944 1002 1003 1004 1062 1063 1064 
113 115 94 134 
0
945 946 947 1005 1006 1007 1065 1066 1067 
114 116 95 135 
0
948 949 950 1008 1009 1010 1068 1069 1070 
115 117 96 136 
0
951 952 953 1011 1012 1013 1071 1072 1073 
116 118 97 137 
0
954 955 956 1014 1015 1016 1074 1075 1076 
117 119 98 138 
0
957 958 959 1017 1018 1019 1077 1078 1079 
118 -1 99 139 
0
1080 1081 1082 1140 1141 1142 1200 1201 1202 
-1 121 100 140 
0
1083 1084 1085 1143 1144 1145 1203 1204 1205 
120 122 101 141 
0
1086 1087 1088 1146 1147 1148 1206 1207 1208 
121 123 102 142 
0
1089 1090 1091 1149 1150 1151 1209 1210 1211 
122 124 103 143 
0
1092 1093 1094 1152 1153 1154 1212 1213 1214 
123 125 104 144 
0
1095 1096 1097 1155 1156 1157 1215 1216 1217 
124 126 105 145 
0
1098 1099 1100 1158 1159 1160 1218 1219 1220 
125 127 106 146 
0
1101 1102 1103 1161 1162 1163 1221 1222 1223 
126 128 107 147 
0
1104 1105 1106 1164 1165 1166 1224 1225 1226 
127 129 108 148 
0
1107 1108 1109 1167 1168 1169 1227 1228 1229 
128 130 109 149 
0
1110 1111 1112 1170 1171 1172 1230 1231 1232 
129 131 110 150 
0
1113 1114 1115 1173 1174 1175 1233 1234 1235 
130 132 111 151 
0
1116 1117 1118 1176 1177 1178 1236 1237 1238 
131 133 112 152 
0
1119 1120 1121 1179 1180 1181 1239 1240 1241 
132 134 113 153 
0
1122 1123 1124 1182 1183 1184 1242 1243 1244 
133 135 114 154 
0
1125 1126 1127 1185 1186 1187 1245 1246 1247 
134 136 115 155 
0
1128 1129 1130 1188 1189 1190 1248 1249 1250 
135 137 116 156 
0
1131 1132 1133 1191 1192 1193 1251 1252 1253 
136 138 117 157 
0
1134 1135 1136 1194 1195 1196 1254 1255 1256 
137 139 118 158 
0
1137 1138 1139 1197 1198 1199 1257 1258 1259 
138 -1 119 159 
0
1260 1261 1262 1320 1321 1322 1380 1381 1382 
-1 141 120 160 
0
1263 1264 1265 1323 1324 1325 1383 1384 1385 
140 142 121 161 
0
1266 1267 1268 1326 1327 1328 1386 1387 1388 
141 143 122 162 
0
1269 1270 1271 1329 1330 1331 1389 1390 1391 
142 144 123 163 
0
1272 1273 1274 1332 1333 1334 1392 1393 1394 
143 145 124 164 
0
1275 1276 1277 1335 1336 1337 1395 1396 1397 
144 146 125 165 
0
1278 1279 1280 1338 1339 1340 1398 1399 1400 
145 147 126 166 
0
1281 1282 1283 1341 1342 1343 1401 1402 1403 
146 148 127 167 
0
1284 1285 1286 1344 1345 1346 1404 1405 1406 
147 149 128 168 
0
1287 1288 1289 1347 1348 1349 1407 1408 1409 
148 150 129 169 
0
1290 1291 1292 1350 1351 1352 1410 1411 1412 
149 151 130 170 
0
1293 1294 1295 1353 1354 1355 1413 1414 1415 
150 152 131 171 
0
1296 1297 1298 1356 1357 1358 1416 1417 1418 
151 153 132 172 
0
1299 1300 1301 1359 1360 1361 1419 1420 1421 
152 154 133 173 
0
1302 1303 1304 1362 1363 1364 1422 1423 1424 
153 155 134 174 
0
1305 1306 1307 1365 1366 1367 1425 1426 1427 
154 156 135 175 
0
1308 1309 1310 1368 1369 1370 1428 1429 1430 
155 157 136 176 
0
1311 1312 1313 1371 1372 1373 1431 1432 1433 
156 158 137 177 
0
1314 1315 1316 1374 1375 1376 1434 1435 1436 
157 159 138 178 
0
1317 1318 1319 1377 1378 1379 1437 1438 1439 
158 -1 139 179 
0
1440 1441 1442 1500 1501 1502 1560 1561 1562 
-1 161 140 180 
0
1443 1444 1445 1503 1504 1505 1563 1564 1565 
160 162 141 181 
0
1446 1447 1448 1506 1507 1508 1566 1567 1568 
161 163 142 182 
0
1449 1450 1451 1509 1510 1511 1569 1570 1571 
162 164 143 183 
0
1452 1453 1454 1512 1513 1514 1572 1573 1574 
163 165 144 184 
0
1455 1456 1457 1515 1516 1517 1575 1576 1577 
164 166 145 185 
0
1458 1459 1460 1518 1519 1520 1578 1579 1580 
165 167 146 186 
0
1461 1462 1463 1521 1522 1523 1581 1582 1583 
166 168 147 187 
0
1464 1465 1466 1524 1525 1526 1584 1585 1586 
167 169 148 188 
0
1467 1468 1469 1527 1528 1529 1587 1588 1589 
168 170 149 189 
0
1470 1471 1472 1530 1531 1532 1590 1591 1592 
169 171 150 190 
0
1473 1474 1475 1533 1534 1535 1593 1594 1595 
170 172 151 191 
0
1476 1477 1478 1536 1537 1538 1596 1597 1598 
171 173 152 192 
0
1479 1480 1481 1539 1540 1541 1599 1600 1601 
172 174 153 193 
0
1482 1483 1484 1542 1543 1544 1602 1603 1604 
173 175 154 194 
0
1485 1486 1487 1545 1546 1547 1605 1606 1607 
174 176 155 195 
0
1488 1489 1490 1548 1549 1550 1608 1609 1610 
175 177 156 196 
0
1491 1492 1493 1551 1552 1553 1611 1612 1613 
176 178 157 197 
0
1494 1495 1496 1554 1555 1556 1614 1615 1616 
177 179 158 198 
0
1497 1498 1499 1557 1558 1559 1617 1618 1619 
178 -1 159 199 
0
1620 1621 1622 1680 1681 1682 1740 1741 1742 
-1 181 160 200 
0
1623 1624 1625 1683 1684 1685 1743 1744 1745 
180 182 161 201 
0
1626 1627 1628 1686 1687 1688 1746 1747 1748 
181 183 162 202 
0
1629 1630 1631 1689 1690 1691 1749 1750 1751 
182 184 163 203 
0
1632 1633 1634 1692 1693 1694 1752 1753 1754 
183 185 164 204 
0
1635 1636 1637 1695 1696 1697 1755 1756 1757 
184 186 165 205 
0
1638 1639 1640 1698 1699 1700 1758 1759 1760 
185 187 166 206 
0
1641 1642 1643 1701 1702 1703 1761 1762 1763 
186 188 167 207 
0
1644 1645 1646 1704 1705 1706 1764 1765 1766 
187 189 168 208 
0
1647 1648 1649 1707 1708 1709 1767 1768 1769 
188 190 169 209 
0
1650 1651 1652 1710 1711 1712 1770 1771 1772 
189 191 170 210 
0
1653 1654 1655 1713 1714 1715 1773 1774 1775 
190 192 171 211 
0
1656 1657 1658 1716 1717 1718 1776 1777 1778 
191 193 172 212 
0
1659 1660 1661 1719 1720 1721 1779 1780 1781 
192 194 173 213 
0
1662 1663 1664 1722 1723 1724 1782 1783 1784 
193 195 174 214 
0
1665 1666 1667 1725 1726 1727 1785 1786 1787 
194 196 175 215 
0
1668 1669 1670 1728 1729 1730 1788 1789 1790 
195 197 176 216 
0
1671 1672 1673 1731 1732 1733 1791 1792 1793 
196 198 177 217 
0
1674 1675 1676 1734 1735 1736 1794 1795 1796 
197 199 178 218 
0
1677 1678 1679 1737 1738 1739 1797 1798 1799 
198 -1 179 219 
1
1800 1801 1802 1860 1861 1862 1920 1921 1922 
-1 201 180 220 
1
1803 1804 1805 1863 1864 1865 1923 1924 1925 
200 202 181 221 
1
1806 1807 1808 1866 1867 1868 1926 1927 1928 
201 203 182 222 
1
1809 1810 1811 1869 1870 1871 1929 1930 1931 
202 204 183 223 
1
1812 1813 1814 1872 1873 1874 1932 1933 1934 
203 205 184 224 
1
1815 1816 1817 1875 1876 1877 1935 1936 1937 
204 206 185 225 
1
1818 1819 1820 1878 1879 1880 1938 1939 1940 
205 207 186 226 
1
1821 1822 1823 1881 1882 1883 1941 1942 1943 
206 208 187 227 
1
1824 1825 1826 1884 1885 1886 1944 1945 1946 
207 209 188 228 
1
1827 1828 1829 1887 1888 1889 1947 1948 1949 
208 210 189 229 
1
1830 1831 1832 1890 1891 1892 1950 1951 1952 
209 211 190 230 
1
1833 1834 1835 1893 1894 1895 1953 1954 1955 
210 212 191 231 
1
1836 1837 1838 1896 1897 1898 1956 1957 1958 
211 213 192 232 
1
1839 1840 1841 1899 1900 1901 1959 1960 1961 
212 214 193 233 
1
1842 1843 1844 1902 1903 1904 1962 1963 1964 
213 215 194 234 
1
1845 1846 1847 1905 1906 1907 1965 1966 1967 
214 216 195 235 
1
1848 1849 1850 1908 1909 1910 1968 1969 1970 
215 217 196 236 
1
1851 1852 1853 1911 1912 1913 1971 1972 1973 
216 218 197 237 
1
1854 1855 1856 1914 1915 1916 1974 1975 1976 
217 219 198 238 
1
1857 1858 1859 1917 1918 1919 1977 1978 1979 
218 -1 199 239 
1
1980 1981 1982 2040 2041 2042 2100 2101 2102 
-1 221 200 240 
1
1983 1984 1985 2043 2044 2045 2103 2104 2105 
220 222 201 241 
1
1986 1987 1988 2046 2047 2048 2106 2107 2108 
221 223 202 242 
1
1989 1990 1991 2049 2050 2051 2109 2110 2111 
222 224 203 243 
1
1992 1993 1994 2052 2053 2054 2112 2113 2114 
223 225 204 244 
1
1995 1996 1997 2055 2056 2057 2115 2116 2117 
224 226 205 245 
1
1998 1999 2000 2058 2059 2060 2118 2119 2120 
225 227 206 246 
1
2001 2002 2003 2061 2062 2063 2121 2122 2123 
226 228 207 247 
1
2004 2005 2006 2064 2065 2066 2124 2125 2126 
227 229 208 248 
1
2007 2008 2009 2067 2068 2069 2127 2128 2129 
228 230 209 249 
1
2010 2011 2012 2070 2071 2072 2130 2131 2132 
229 231 210 250 
1
2013 2014 2015 2073 2074 2075 2133 2134 2135 
230 232 211 251 
1
2016 2017 2018 2076 2077 2078 2136 2137 2138 
231 233 212 252 
1
2019 2020 2021 2079 2080 2081 2139 2140 2141 
232 234 213 253 
1
2022 2023 2024 2082 2083 2084 2142 2143 2144 
233 235 214 254 
1
2025 2026 2027 2085 2086 2087 2145 2146 2147 
234 236 215 255 
1
2028 2029 2030 2088 2089 2090 2148 2149 2150 
235 237 216 256 
1
2031 2032 2033 2091 2092 2093 2151 2152 2153 
236 238 217 257 
1
2034 2035 2036 2094 2095 2096 2154 2155 2156 
237 239 218 258 
1
2037 2038 2039 2097 2098 2099 2157 2158 2159 
238 -1 219 259 
1
2160 2161 2162 2220 2221 2222 2280 2281 2282 
-1 241 220 260 
1
2163 2164 2165 2223 2224 2225 2283 2284 2285 
240 242 221 261 
1
2166 2167 2168 2226 2227 2228 2286 2287 2288 
241 243 222 262 
1
2169 2170 2171 2229 2230 2231 2289 2290 2291 
242 244 223 263 
1
2172 2173 2174 2232 2233 2234 2292 2293 2294 
243 245 224 264 
1
2175 2176 2177 2235 2236 2237 2295 2296 2297 
244 246 225 265 
1
2178 2179 2180 2238 2239 2240 2298 2299 2300 
245 247 226 266 
1
2181 2182 2183 2241 2242 2243 2301 2302 2303 
246 248 227 267 
1
2184 2185 2186 2244 2245 2246 2304 2305 2306 
247 249 228 268 
1
2187 2188 2189 2247 2248 2249 2307 2308 2309 
248 250 229 269 
1
2190 2191 2192 2250 2251 2252 2310 2311 2312 
249 251 230 270 
1
2193 2194 2195 2253 2254 2255 2313 2314 2315 
250 252 231 271 
1
2196 2197 2198 2256 2257 2258 2316 2317 2318 
251 253 232 272 
1
2199 2200 2201 2259 2260 2261 2319 2320 2321 
252 254 233 273 
1
2202 2203 2204 2262 2263 2264 2322 2323 2324 
253 255 234 274 
1
2205 2206 2207 2265 2266 2267 2325 2326 2327 
254 256 235 275 
1
2208 2209 2210 2268 2269 2270 2328 2329 2330 
255 257 236 276 
1
2211 2212 2213 2271 2272 2273 2331 2332 2333 
256 258 237 277 
1
2214 2215 2216 2274 2275 2276 2334 2335 2336 
257 259 238 278 
1
2217 2218 2219 2277 2278 2279 2337 2338 2339 
258 -1 239 279 
1
2340 2341 2342 2400 2401 2402 2460 2461 2462 
-1 261 240 280 
1
2343 2344 2345 2403 2404 2405 2463 2464 2465 
260 262 241 281 
1
2346 2347 2348 2406 2407 2408 2466 2467 2468 
261 263 242 282 
1
2349 2350 2351 2409 2410 2411 2469 2470 2471 
262 264 243 283 
1
2352 2353 2354 2412 2413 2414 2472 2473 2474 
263 265 244 284 
1
2355 2356 2357 2415 2416 2417 2475 2476 2477 
264 266 245 285 
1
2358 2359 2360 2418 2419 2420 2478 2479 2480 
265 267 246 286 
1
2361 2362 2363 2421 2422 2423 2481 2482 2483 
266 268 247 287 
1
2364 2365 2366 2424 2425 2426 2484 2485 2486 
267 269 248 288 
1
2367 2368 2369 2427 2428 2429 2487 2488 2489 
268 270 249 289 
1
2370 2371 2372 2430 2431 2432 2490 2491 2492 
269 271 250 290 
1
2373 2374 2375 2433 2434 2435 2493 2494 2495 
270 272 251 291 
1
2376 2377 2378 2436 2437 2438 2496 2497 2498 
271 273 252 292 
1
2379 2380 2381 2439 2440 2441 2499 2500 2501 
272 274 253 293 
1
2382 2383 2384 2442 2443 2444 2502 2503 2504 
273 275 254 294 
1
2385 2386 2387 2445 2446 2447 2505 2506 2507 
274 276 255 295 
1
2388 2389 2390 2448 2449 2450 2508 2509 2510 
275 277 256 296 
1
2391 2392 2393 2451 2452 2453 2511 2512 2513 
276 278 257 297 
1
2394 2395 2396 2454 2455 2456 2514 2515 2516 
277 279 258 298 
1
2397 2398 2399 2457 2458 2459 2517 2518 2519 
278 -1 259 299 
1
2520 2521 2522 2580 2581 2582 2640 2641 2642 
-1 281 260 300 
1
2523 2524 2525 2583 2584 2585 2643 2644 2645 
280 282 261 301 
1
2526 2527 2528 2586 2587 2588 2646 2647 2648 
281 283 262 302 
1
2529 2530 2531 2589 2590 2591 2649 2650 2651 
282 284 263 303 
1
2532 2533 2534 2592 2593 2594 2652 2653 2654 
283 285 264 304 
1
2535 2536 2537 2595 2596 2597 2655 2656 2657 
284 286 265 305 
1
2538 2539 2540 2598 2599 2600 2658 2659 2660 
285 287 266 306 
1
2541 2542 2543 2601 2602 2603 2661 2662 2663 
286 288 267 307 
1
2544 2545 2546 2604 2605 2606 2664 2665 2666 
287 289 268 308 
1
2547 2548 2549 2607 2608 2609 2667 2668 2669 
288 290 269 309 
1
2550 2551 2552 2610 2611 2612 2670 2671 2672 
289 291 270 310 
1
2553 2554 2555 2613 2614 2615 2673 2674 2675 
290 292 271 311 
1
2556 2557 2558 2616 2617 2618 2676 2677 2678 
291 293 272 312 
1
2559 2560 2561 2619 2620 2621 2679 2680 2681 
292 294 273 313 
1
2562 2563 2564 2622 2623 2624 2682 2683 2684 
293 295 274 314 
1
2565 2566 2567 2625 2626 2627 2685 2686 2687 
294 296 275 315 
1
2568 2569 2570 2628 2629 2630 2688 2689 2690 
295 297 276 316 
1
2571 2572 2573 2631 2632 2633 2691 2692 2693 
296 298 277 317 
1
2574 2575 2576 2634 2635 2636 2694 2695 2696 
297 299 278 318 
1
2577 2578 2579 2637 2638 2639 2697 2698 2699 
298 -1 279 319 
1
2700 2701 2702 2760 2761 2762 2820 2821 2822 
-1 301 280 320 
1
2703 2704 2705 2763 2764 2765 2823 2824 2825 
300 302 281 321 
1
2706 2707 2708 2766 2767 2768 2826 2827 2828 
301 303 282 322 
1
2709 2710 2711 2769 2770 2771 2829 2830 2831 
302 304 283 323 
1
2712 2713 2714 2772 2773 2774 2832 2833 2834 
303 305 284 324 
1
2715 2716 2717 2775 2776 2777 2835 2836 2837 
304 306 285 325 
1
2718 2719 2720 2778 2779 2780 2838 2839 2840 
305 307 286 326 
1
2721 2722 2723 2781 2782 2783 2841 2842 2843 
306 308 287 327 
1
2724 2725 2726 2784 2785 2786 2844 2845 2846 
307 309 288 328 
1
2727 2728 2729 2787 2788 2789 2847 2848 2849 
308 310 289 329 
1
2730 2731 2732 2790 2791 2792 2850 2851 2852 
309 311 290 330 
1
2733 2734 2735 2793 2794 2795 2853 2854 2855 
310 312 291 331 
1
2736 2737 2738 2796 2797 2798 2856 2857 2858 
311 313 292 332 
1
2739 2740 2741 2799 2800 2801 2859 2860 2861 
312 314 293 333 
1
2742 2743 2744 2802 2803 2804 2862 2863 2864 
313 315 294 334 
1
2745 2746 2747 2805 2806 2807 2865 2866 2867 
314 316 295 335 
1
2748 2749 2750 2808 2809 2810 2868 2869 2870 
315 317 296 336 
1
2751 2752 2753 2811 2812 2813 2871 2872 2873 
316 318 297 337 
1
2754 2755 2756 2814 2815 2816 2874 2875 2876 
317 319 298 338 
1
2757 2758 2759 2817 2818 2819 2877 2878 2879 
318 -1 299 339 
1
2880 2881 2882 2940 2941 2942 3000 3001 3002 
-1 321 300 340 
1
2883 2884 2885 2943 2944 2945 3003 3004 3005 
320 322 301 341 
1
2886 2887 2888 2946 2947 2948 3006 3007 3008 
321 323 302 342 
1
2889 2890 2891 2949 2950 2951 3009 3010 3011 
322 324 303 343 
1
2892 2893 2894 2952 2953 2954 3012 3013 3014 
323 325 304 344 
1
2895 2896 2897 2955 2956 2957 3015 3016 3017 
324 326 305 345 
1
2898 2899 2900 2958 2959 2960 3018 3019 3020 
325 327 306 346 
1
2901 2902 2903 2961 2962 2963 3021 3022 3023 
326 328 307 347 
1
2904 2905 2906 2964 2965 2966 3024 3025 3026 
327 329 308 348 
1
2907 2908 2909 2967 2968 2969 3027 3028 3029 
328 330 309 349 
1
2910 2911 2912 2970 2971 2972 3030 3031 3032 
329 331 310 350 
1
2913 2914 2915 2973 2974 2975 3033 3034 3035 
330 332 311 351 
1
2916 2917 2918 2976 2977 2978 3036 3037 3038 
331 333 312 352 
1
2919 2920 2921 2979 2980 2981 3039 3040 3041 
332 334 313 353 
1
2922 2923 2924 2982 2983 2984 3042 3043 3044 
333 335 314 354 
1
2925 2926 2927 2985 2986 2987 3045 3046 3047 
334 336 315 355 
1
2928 2929 2930 2988 2989 2990 3048 3049 3050 
335 337 316 356 
1
2931 2932 2933 2991 2992 2993 3051 3052 3053 
336 338 317 357 
1
2934 2935 2936 2994 2995 2996 3054 3055 3056 
337 339 318 358 
1
2937 2938 2939 2997 2998 2999 3057 3058 3059 
338 -1 319 359 
1
3060 3061 3062 3120 3121 3122 3180 3181 3182 
-1 341 320 360 
1
3063 3064 3065 3123 3124 3125 3183 3184 3185 
340 342 321 361 
1
3066 3067 3068 3126 3127 3128 3186 3187 3188 
341 343 322 362 
1
3069 3070 3071 3129 3130 3131 3189 3190 3191 
342 344 323 363 
1
3072 3073 3074 3132 3133 3134 3192 3193 3194 
343 345 324 364 
1
3075 3076 3077 3135 3136 3137 3195 3196 3197 
344 346 325 365 
1
3078 3079 3080 3138 3139 3140 3198 3199 3200 
345 347 326 366 
1
3081 3082 3083 3141 3142 3143 3201 3202 3203 
346 348 327 367 
1
3084 3085 3086 3144 3145 3146 3204 3205 3206 
347 349 328 368 
1
3087 3088 3089 3147 3148 3149 3207 3208 3209 
348 350 329 369 
1
3090 3091 3092 3150 3151 3152 3210 3211 3212 
349 351 330 370 
1
3093 3094 3095 3153 3154 3155 3213 3214 3215 
350 352 331 371 
1
3096 3097 3098 3156 3157 3158 3216 3217 3218 
351 353 332 372 
1
3099 3100 3101 3159 3160 3161 3219 3220 3221 
352 354 333 373 
1
3102 3103 3104 3162 3163 3164 3222 3223 3224 
353 355 334 374 
1
3105 3106 3107 3165 3166 3167 3225 3226 3227 
354 356 335 375 
1
3108 3109 3110 3168 3169 3170 3228 3229 3230 
355 357 336 376 
1
3111 3112 3113 3171 3172 3173 3231 3232 3233 
356 358 337 377 
1
3114 3115 3116 3174 3175 3176 3234 3235 3236 
357 359 338 378 
1
3117 3118 3119 3177 3178 3179 3237 3238 3239 
358 -1 339 379 
1
3240 3241 3242 3300 3301 3302 3360 3361 3362 
-1 361 340 380 
1
3243 3244 3245 3303 3304 3305 3363 3364 3365 
360 362 341 381 
1
3246 3247 3248 3306 3307 3308 3366 3367 3368 
361 363 342 382 
1
3249 3250 3251 3309 3310 3311 3369 3370 3371 
362 364 343 383 
1
3252 3253 3254 3312 3313 3314 3372 3373 3374 
363 365 344 384 
1
3255 3256 3257 3315 3316 3317 3375 3376 3377 
364 366 345 385 
1
3258 3259 3260 3318 3319 3320 3378 3379 3380 
365 367 346 386 
1
3261 3262 3263 3321 3322 3323 3381 3382 3383 
366 368 347 387 
1
3264 3265 3266 3324 3325 3326 3384 3385 3386 
367 369 348 388 
1
3267 3268 3269 3327 3328 3329 3387 3388 3389 
368 370 349 389 
1
3270 3271 3272 3330 3331 3332 3390 3391 3392 
369 371 350 390 
1
3273 3274 3275 3333 3334 3335 3393 3394 3395 
370 372 351 391 
1
3276 3277 3278 3336 3337 3338 3396 3397 3398 
371 373 352 392 
1
3279 3280 3281 3339 3340 3341 3399 3400 3401 
372 374 353 393 
1
3282 3283 3284 3342 3343 3344 3402 3403 3404 
373 375 354 394 
1
3285 3286 3287 3345 3346 3347 3405 3406 3407 
374 376 355 395 
1
3288 3289 3290 3348 3349 3350 3408 3409 3410 
375 377 356 396 
1
3291 3292 3293 3351 3352 3353 3411 3412 3413 
376 378 357 397 
1
3294 3295 3296 3354 3355 3356 3414 3415 3416 
377 379 358 398 
1
3297 3298 3299 3357 3358 3359 3417 3418 3419 
378 -1 359 399 
1
3420 3421 3422 3480 3481 3482 3540 3541 3542 
-1 381 360 -1 
1
3423 3424 3425 3483 3484 3485 3543 3544 3545 
380 382 361 -1 
1
3426 3427 3428 3486 3487 3488 3546 3547 3548 
381 383 362 -1 
1
3429 3430 3431 3489 3490 3491 3549 3550 3551 
382 384 363 -1 
1
3432 3433 3434 3492 3493 3494 3552 3553 3554 
383 385 364 -1 
1
3435 3436 3437 3495 3496 3497 3555 3556 3557 
384 386 365 -1 
1
3438 3439 3440 3498 3499 3500 3558 3559 3560 
385 387 366 -1 
1
3441 3442 3443 3501 3502 3503 3561 3562 3563 
386 388 367 -1 
1
3444 3445 3446 3504 3505 3506 3564 3565 3566 
387 389 368 -1 
1
3447 3448 3449 3507 3508 3509 3567 3568 3569 
388 390 369 -1 
1
3450 3451 3452 3510 3511 3512 3570 3571 3572 
389 391 370 -1 
1
3453 3454 3455 3513 3514 3515 3573 3574 3575 
390 392 371 -1 
1
3456 3457 3458 3516 3517 3518 3576 3577 3578 
391 393 372 -1 
1
3459 3460 3461 3519 3520 3521 3579 3580 3581 
392 394 373 -1 
1
3462 3463 3464 3522 3523 3524 3582 3583 3584 
393 395 374 -1 
1
3465 3466 3467 3525 3526 3527 3585 3586 3587 
394 396 375 -1 
1
3468 3469 3470 3528 3529 3530 3588 3589 3590 
395 397 376 -1 
1
3471 3472 3473 3531 3532 3533 3591 3592 3593 
396 398 377 -1 
1
3474 3475 3476 3534 3535 3536 3594 3595 3596 
397 399 378 -1 
1
3477 3478 3479 3537 3538 3539 3597 3598 3599 
398 -1 379 -1 
