76
0 0
1 0 1 0
1 0
0 0 1 0
2 0
0 0 1 0
3 0
0 0 1 0
4 0
0 0 1 0
5 0
0 0 1 0
6 0
0 0 1 0
7 0
0 0 1 0
8 0
0 0 1 0
9 0
0 0 1 0
10 0
0 0 1 0
11 0
0 0 1 0
12 0
0 0 1 0
13 0
0 0 1 0
14 0
0 0 1 0
15 0
0 0 1 0
16 0
0 0 1 0
17 0
0 0 1 0
18 0
0 0 1 0
19 0
0 1 1 0
20 0
1 0 0 0
39 0
0 1 0 0
40 0
1 0 0 0
59 0
0 1 0 0
60 0
1 0 0 0
79 0
0 1 0 0
80 0
1 0 0 0
99 0
0 1 0 0
100 0
1 0 0 0
119 0
0 1 0 0
120 0
1 0 0 0
139 0
0 1 0 0
140 0
1 0 0 0
159 0
0 1 0 0
160 0
1 0 0 0
179 0
0 1 0 0
180 0
1 0 0 0
199 0
0 1 0 0
200 1
1 0 0 0
219 1
0 1 0 0
220 1
1 0 0 0
239 1
0 1 0 0
240 1
1 0 0 0
259 1
0 1 0 0
260 1
1 0 0 0
279 1
0 1 0 0
280 1
1 0 0 0
299 1
0 1 0 0
300 1
1 0 0 0
319 1
0 1 0 0
320 1
1 0 0 0
339 1
0 1 0 0
340 1
1 0 0 0
359 1
0 1 0 0
360 1
1 0 0 0
379 1
0 1 0 0
380 1
1 0 0 1
381 1
0 0 0 1
382 1
0 0 0 1
383 1
0 0 0 1
384 1
0 0 0 1
385 1
0 0 0 1
386 1
0 0 0 1
387 1
0 0 0 1
388 1
0 0 0 1
389 1
0 0 0 1
390 1
0 0 0 1
391 1
0 0 0 1
392 1
0 0 0 1
393 1
0 0 0 1
394 1
0 0 0 1
395 1
0 0 0 1
396 1
0 0 0 1
397 1
0 0 0 1
398 1
0 0 0 1
399 1
0 1 0 1
