0.00000000000000000000
0.00000000000000000000
0.00000000000000000000
0.00000000000000000000
0.00000000000000000000
0.00000000000000000000
0.00000000000000000000
0.00000000000000000000
0.00000000000000000000
0.00000000000000000000
0.00000000000000000000
0.00000000000000000000
0.00000000000000000000
0.00000000000000000000
0.00000000000000000000
0.00000000000000000000
0.00000000000000000000
0.00000000000000000000
0.00000000000000000000
0.00000000000000000000
0.00000000000000000000
0.00000000000000000000
0.00000000000000000000
0.00000000000000000000
0.00000000000000000000
0.00000000000000000000
0.00000000000000000000
0.00000000000000000000
0.00000000000000000000
0.00000000000000000000
0.00000000000000000000
0.00000000000000000000
0.00000000000000000000
0.00000000000000000000
0.00000000000000000000
0.00000000000000000000
0.00000000000000000000
0.00000000000000000000
0.00000000000000000000
0.00000000000000000000
0.00000000000000000000
0.00000000000000000000
0.00000000000000000000
0.00000000000000000000
0.00000000000000000000
0.00000000000000000000
0.00000000000000000000
0.00000000000000000000
0.00000000000000000000
0.00000000000000000000
0.00000000000000000000
0.00000000000000000000
0.00000000000000000000
0.00000000000000000000
0.00000000000000000000
0.00000000000000000000
0.00000000000000000000
0.00000000000000000000
0.00000000000000000000
0.00000000000000000000
0.00000000000000000000
0.00030783763229487958
0.00066400240323681451
0.00064826614140897111
0.00103733492433274140
0.00141603014057714970
0.00139746492350453060
0.00172620629899848320
0.00197742735259353110
0.00196878689188090870
0.00210579659506199320
0.00213369890045276820
0.00214130886255386060
0.00204965346278008060
0.00187458755008755950
0.00189531157140528440
0.00166035140625263290
0.00141378690383996880
0.00143697659845238940
0.00122488314678540580
0.00108190799916848130
0.00109521460466378100
0.00106596897476730340
0.00115249846893348370
0.00114845355455100080
0.00137015177286800790
0.00169424846420119500
0.00167421742907391570
0.00208390721076580610
0.00252728121027490010
0.00250080375653855340
0.00293239540372986980
0.00330664879402749150
0.00328655411687452620
0.00355155331598773150
0.00369030836012431470
0.00368613698508408900
0.00366577423712708370
0.00350540985637671530
0.00351852884375295720
0.00322001000606502190
0.00282758128853457820
0.00285052475821571860
0.00239854238004165010
0.00193263096263773720
0.00195305378304594180
0.00152112300906597550
0.00114616117929956880
0.00115342040589642330
0.00087110889204321381
0.00067040286062349712
0.00066137216906809581
0.00054682517153242652
0.00048110635819538885
0.00046213655620204832
0.00041703261542218957
0.00035233630652750951
0.00033626035669007213
0.00020788967035203758
0.00000000000000000000
0.00000000000000000000
0.00061149290272489586
0.00131907994384746860
0.00128776672344115320
0.00206080100908545040
0.00281321419319227610
0.00277627443506936380
0.00342936326925648860
0.00392833612727757140
0.00391114573252144060
0.00418301876679243960
0.00423798286140789770
0.00425312832786836020
0.00407036782719178560
0.00372179855542587470
0.00376303882101238630
0.00329539827441832810
0.00280472418262731100
0.00285087030628799770
0.00242878573642072660
0.00214416938905633530
0.00217064885825602210
0.00211224043203189420
0.00228406896582343060
0.00227602050697532340
0.00271669472553130250
0.00336101133516586050
0.00332115194282169750
0.00413573046173210810
0.00501733009688439070
0.00496464268059192140
0.00582286434175672330
0.00656713007052681270
0.00652714325639173340
0.00705419818830501240
0.00733029233295305960
0.00732199067786218180
0.00728171387335149050
0.00696311947138266580
0.00698922329506867360
0.00639594322763453300
0.00561598329223416110
0.00566163643031584750
0.00476329286617113800
0.00383728646343019010
0.00387792367994552800
0.00301953117655434640
0.00227443332376560480
0.00228887657749712130
0.00172805693762303690
0.00132950992379576040
0.00131153821405880010
0.00108435329632343840
0.00095426596605256004
0.00091651583799229862
0.00082744041026145364
0.00069941769752635647
0.00066742271626621082
0.00041277313578216704
0.00000000000000000000
0.00000000000000000000
0.00061107112756296727
0.00131821406139988610
0.00128691666934944210
0.00205948169130963250
0.00281143967374804840
0.00277452078671597010
0.00342720093962342600
0.00392583125080917410
0.00390865079036140180
0.00418028431006568000
0.00423509996249508270
0.00425023705229644970
0.00406743681647650430
0.00371889939797536650
0.00376011646959788310
0.00329256625048853120
0.00280199872312123430
0.00284811889056389970
0.00242611924890085310
0.00214154187344617550
0.00216800663204011480
0.00210954838164447010
0.00228124574456095660
0.00227320229071364910
0.00271363907243078610
0.00335764863834910230
0.00331781239049771130
0.00413202114562185100
0.00501323652312484890
0.00496057951190389310
0.00581843871694518770
0.00656239994461796810
0.00652243617253335170
0.00704929276158568640
0.00732530130045041650
0.00731700444481354820
0.00727679124207637140
0.00695838425425992620
0.00698447305820854970
0.00639151131002682270
0.00561195711519450490
0.00565758388557265070
0.00475970863591679800
0.00383419444111859210
0.00387480795480050780
0.00301688861705086320
0.00227223081602697570
0.00228666509820498210
0.00172621441175733610
0.00132798180666695000
0.00131001937073822610
0.00108308133939384750
0.00095320911127000818
0.00091547912990292963
0.00082660558595985399
0.00069880274029571730
0.00066682233517256718
0.00041244849746236497
0.00000000000000000000
0.00000000000000000000
0.00091002399372511103
0.00196328043919005370
0.00191660632878094170
0.00306742287268647930
0.00418753076159590790
0.00413247392394311580
0.00510458418993386780
0.00584705653177818810
0.00582143810147871860
0.00622549964868396140
0.00630636034969681190
0.00632893997287186340
0.00605556930767391610
0.00553516347264424240
0.00559663816505611990
0.00489884535568753210
0.00416680022742813970
0.00423558665729445450
0.00360584085678194740
0.00318104061067080690
0.00322051208941759920
0.00313292276894259340
0.00338853544377914560
0.00337654040060037660
0.00403291516033806200
0.00499286463179935640
0.00493345286497523690
0.00614724747888441630
0.00746101956666207770
0.00738248612766920050
0.00866151963238557050
0.00977082963425647200
0.00971122633786531030
0.01049692405142678800
0.01090872451398187600
0.01089634888389334800
0.01083675383713238700
0.01036248861459392000
0.01040139544320593600
0.00951785429464320140
0.00835619949591879030
0.00842424489407535980
0.00708624724762870090
0.00570710223976718220
0.00576767046830566240
0.00448936898958541070
0.00337997094987274770
0.00340149507362231570
0.00256679552417886630
0.00197397554218804940
0.00194718269380396020
0.00160979699827699610
0.00141714786097628320
0.00136087267544370290
0.00122937522299968710
0.00103985192918606410
0.00099215190161039586
0.00061391144104453658
0.00000000000000000000
0.00000000000000000000
0.00120330535863982620
0.00259631304629055760
0.00253449407636565900
0.00405673620226527050
0.00553834325210053250
0.00546542306423571270
0.00675107154357079340
0.00773266367319630850
0.00769873727620049710
0.00823221639261660820
0.00833775576248000500
0.00836767025947269920
0.00800416433008937710
0.00731360326451256210
0.00739503586059703930
0.00646965139034506520
0.00549901429010696880
0.00559013079536256450
0.00475508871363163580
0.00419157484985396500
0.00424386087976499120
0.00412706058708954980
0.00446489099306804270
0.00444900534253725100
0.00531772380026860040
0.00658860313111471820
0.00650990994754886440
0.00811711515715169900
0.00985686471268802660
0.00975284252172188730
0.01144673593293093000
0.01291601330581829500
0.01283706409616973200
0.01387791571534225900
0.01442376419442538400
0.01440736978885712500
0.01432907245785732800
0.01370177084988733800
0.01375330206248542000
0.01258411560847374000
0.01104675513619360900
0.01113688102927313900
0.00936610961261595540
0.00754096210209318460
0.00762118294277471660
0.00592970127796151830
0.00446199416044429100
0.00449049770140018750
0.00338668245330801460
0.00260326309547426450
0.00256776678816874940
0.00212270425866404200
0.00186936907136669710
0.00179482013911089290
0.00162251546530787090
0.00137339306392028970
0.00131020271020944040
0.00081115424838486662
0.00000000000000000000
0.00000000000000000000
0.00120280372892718570
0.00259528030739719860
0.00253347490835341850
0.00405515880298885220
0.00553622278004336450
0.00546332131840288320
0.00674847935765679470
0.00772966040053787470
0.00769574303303135080
0.00822892710618845430
0.00833428167688851640
0.00836418890258168460
0.00800062056536309660
0.00731008414747566850
0.00739149630701805160
0.00646620280030434790
0.00549567701554221680
0.00558677062555975550
0.00475181682415462550
0.00418833653293578310
0.00424060962662734570
0.00412374507616638210
0.00446141374781249340
0.00444553262045426030
0.00531397228643482480
0.00658448940424893100
0.00650581679973594520
0.00811259170201000280
0.00985189387653498740
0.00974789867549897930
0.01144137135010367200
0.01291029815295568000
0.01283136938151678000
0.01387199160344070000
0.01441774677485933500
0.01440135660830040500
0.01432313546928482000
0.01369605934056588100
0.01374757718600018800
0.01257876540820909200
0.01104188482781418900
0.01113198724628695600
0.00936176859366570290
0.00753720224747432730
0.00761740192796360720
0.00592648295904350290
0.00445929803418207950
0.00448779345106081840
0.00338442341830770020
0.00260138298036444600
0.00256589474825784670
0.00212113770623201030
0.00186806969216063020
0.00179353839299949070
0.00162148799281537530
0.00137264257465929680
0.00130946383181037020
0.00081075529614259344
0.00000000000000000000
0.00000000000000000000
0.00148967394888190590
0.00321472633927457910
0.00313803538820894580
0.00502345690197473350
0.00685852939248730170
0.00676807084517707870
0.00836012091731034440
0.00957507267523890690
0.00953299225295160470
0.01019214482493039000
0.01032055055034628000
0.01035767281508306000
0.00990434160300867130
0.00904544006450449380
0.00914647640089939760
0.00799642570593917840
0.00679040838571396810
0.00690345778880011900
0.00586583281216632860
0.00516523256308173800
0.00523010645306397430
0.00508387329092970830
0.00550182374299466960
0.00548212036013049930
0.00655887698513695980
0.00813474309137932230
0.00803711717821562100
0.01003044181634949800
0.01218842528154669100
0.01205937365699608400
0.01416071416988319900
0.01598365884794871600
0.01588571158315660300
0.01717742538895214800
0.01785532557487285900
0.01783498360796510100
0.01773885205186665300
0.01696191076425382400
0.01702583717852606700
0.01557690151640587900
0.01367146297450380800
0.01378326888194172800
0.01158849114432949700
0.00932645764682018400
0.00942597287320458280
0.00732994710413348810
0.00551168530294989400
0.00554703643729276620
0.00418035432534188170
0.00321126138275813330
0.00316721038480048500
0.00261798203334434510
0.00230668824788443070
0.00221418529551037920
0.00200348822422039000
0.00169754558252318370
0.00161913264239947180
0.00100316122179709110
0.00000000000000000000
0.00000000000000000000
0.00176934265595072310
0.00381892938938504940
0.00372763700153905380
0.00596819428978664650
0.00814889194808962950
0.00804121149104832300
0.00993269948796150080
0.01137539498138891000
0.01132531028717933600
0.01210649165391037900
0.01225601273539600500
0.01230021968010574200
0.01175738763362013000
0.01073194534140547500
0.01085224198243226300
0.00948041072156144590
0.00804217905405293920
0.00817677612136783440
0.00693924603793861370
0.00610317106111266020
0.00618041285526861870
0.00600454892062630450
0.00650058048805132560
0.00647712988055283190
0.00775772495183655630
0.00963277010632350440
0.00951654941030036920
0.01188886543556975600
0.01445750835436571000
0.01430387251974240400
0.01680540692566561900
0.01897585350196649400
0.01885924533652259500
0.02039761755155114100
0.02120561269237692900
0.02118139208281730200
0.02106826810213086400
0.02014500422858069400
0.02022110350113618200
0.01849817708965021900
0.01623211217934658600
0.01636520969576957300
0.01375498885238442400
0.01106496995919774800
0.01118343222653144500
0.00869128969506893430
0.00653003110713078470
0.00657210220256323250
0.00494863542431063510
0.00379864952581004380
0.00374618861942071800
0.00309618871665217310
0.00272955971759731440
0.00261941434697263120
0.00237263996664509490
0.00201255018333335770
0.00191918248012511930
0.00119004635107403550
0.00000000000000000000
0.00000000000000000000
0.00176883999672151120
0.00381789603916620920
0.00372661612097595870
0.00596661741061023460
0.00814677377391783210
0.00803911072616558110
0.00993010792399465560
0.01137238931435467400
0.01132231308492184300
0.01210319152113429300
0.01225251636468095500
0.01229671667360331300
0.01175380578375313300
0.01072836923555519500
0.01084864705432850500
0.00947688568091633980
0.00803874451223517660
0.00817332048252473330
0.00693586014966009880
0.00609980353599454300
0.00617703343797297920
0.00600109612626760140
0.00649696198377747170
0.00647351561611000070
0.00775383515522206580
0.00962852611689722980
0.00951232449109206540
0.01188422331469107300
0.01445243429076070900
0.01429882344173493400
0.01679995325909967200
0.01897006448869308400
0.01885347524377946000
0.02039162961098587400
0.02119953961977198000
0.02117532294473330500
0.02106227747803173600
0.02013923759583714100
0.02021532450572969100
0.01849276650518951300
0.01622717313066233600
0.01636024890555584600
0.01375057136477338600
0.01106112496625675200
0.01117956759052584500
0.00868798222156545380
0.00652724353968927360
0.00656930701283956870
0.00494628880314189420
0.00379668912876152770
0.00374423555705089700
0.00309455353210998360
0.00272820665458250710
0.00261807736943409040
0.00237157398344519820
0.00201177755606708800
0.00191842016027989930
0.00118963715279384130
0.00000000000000000000
0.00000000000000000000
0.00204054801349078190
0.00440526583533967010
0.00429969380872106350
0.00688534973849536360
0.00940188955211063680
0.00927736962080369030
0.01145957595655763700
0.01312292673209321100
0.01306501928232205200
0.01396352502812314500
0.01413174598883293300
0.01418288953437034500
0.01355065250789308300
0.01236055330014777800
0.01249969604614300500
0.01090929076107219500
0.00924240532454668510
0.00939808546982399270
0.00796364199011278910
0.00699382265866973530
0.00708316754197843220
0.00687724698571666370
0.00744874414580582770
0.00742163246798147390
0.00890087457421820210
0.01106800078717545100
0.01093359454383855200
0.01367624240545268500
0.01664637760117674800
0.01646869627713359200
0.01936167388568485500
0.02187221044014150300
0.02173734929993451400
0.02351736059071655300
0.02445316515719010400
0.02442514942523748400
0.02429614852811551000
0.02323068658598841100
0.02331868992702874600
0.02132886876209621300
0.01871134222589362900
0.01886526145568329100
0.01585013239083096800
0.01274310039312115000
0.01288008891893105600
0.01000226243901315500
0.00750742348652604260
0.00755605876663448510
0.00568347374389901150
0.00435872065216702610
0.00429802286579748870
0.00355172924427578320
0.00313333409916427990
0.00300592003975727780
0.00272628256890171910
0.00231570103610469900
0.00220769221025089900
0.00137035905567825650
0.00000000000000000000
0.00000000000000000000
0.00230356847949383980
0.00497428490040384070
0.00485475225774816430
0.00777575086301521110
0.01061862119781592000
0.01047763509961705800
0.01294208482101629600
0.01481920612142576800
0.01475365284918982000
0.01576492264309729500
0.01594951592684046300
0.01600745193712725000
0.01528593107181862300
0.01393304008753834500
0.01409062562364888700
0.01228480065047403800
0.01039276016233796500
0.01056907097224103400
0.00894065669371927990
0.00783880315521769300
0.00793999319010068980
0.00770362137460391720
0.00834805061555297760
0.00831736161947607860
0.00999020268828488750
0.01244249877646561000
0.01229030528324287800
0.01539484810324337100
0.01875754028933198200
0.01855633784802675600
0.02183222652351120600
0.02467562389879647500
0.02452290683983437600
0.02653965820434365000
0.02760103716444987900
0.02756930756210191100
0.02742550817443759100
0.02622185884138255500
0.02632150453334573800
0.02407169359261713100
0.02111162490349661000
0.02128590837235151000
0.01787612289959506600
0.01436275206769685300
0.01451785724667300400
0.01126449090616352500
0.00844521956012938420
0.00850026751627465730
0.00638600160148530570
0.00489241145331972830
0.00482364559523730440
0.00398537779328362720
0.00351864652248267290
0.00337432902493791560
0.00306490862830353840
0.00260734619725816380
0.00248500988331530570
0.00154427335678089900
0.00000000000000000000
0.00000000000000000000
0.00230307769564801680
0.00497327874573761170
0.00485375745434226890
0.00777421875723674150
0.01061656629456637400
0.01047559602995477200
0.01293957009810558400
0.01481628684011777700
0.01475074126916585800
0.01576170898747667600
0.01594609867232387600
0.01600402865532458600
0.01528241232027182200
0.01392950415911811900
0.01408707260574936300
0.01228129002152281000
0.01038931186798545300
0.01056560354990247600
0.00893723385351822760
0.00783537927169279500
0.00793655857662359070
0.00770010343936329730
0.00834436660561214960
0.00831368156669084860
0.00998625809543960720
0.01243821968721445200
0.01228604364433103800
0.01539019654413675700
0.01875248755114843100
0.01855130793887079000
0.02182682278458577100
0.02466991208816627900
0.02451721233432296200
0.02653376554441921200
0.02759507037766212700
0.02756334443012965100
0.02741962323761421000
0.02621618802990970800
0.02631582251216385900
0.02406636070447964000
0.02110673852606755100
0.02128100218759280300
0.01787173200966148500
0.01435890625072667700
0.01451399344585958800
0.01126116130074442300
0.00844239289643376220
0.00849743371623310620
0.00638360827206066290
0.00489040381143192400
0.00482164434897953180
0.00398370172907809490
0.00351726429605537640
0.00337296110046840900
0.00306382524309511090
0.00260656803294222890
0.00248424081646526210
0.00154386355816664040
0.00000000000000000000
0.00000000000000000000
0.00255667492074029830
0.00552241145597059080
0.00538928382306815520
0.00863393269307563720
0.01179173454425454200
0.01163471607643331800
0.01437122169667405200
0.01645378159263088900
0.01638078873193254300
0.01749919968944040100
0.01769714512795786400
0.01776170682433521700
0.01695073716562739400
0.01543692725863851600
0.01561248774883661600
0.01359462790989826400
0.01148123409924794000
0.01167765080555401500
0.00985844093959971530
0.00862631932055333080
0.00873905578836415080
0.00847157845696943320
0.00918582828152247730
0.00915166028508537610
0.01101209619820882900
0.01374142382906227600
0.01357190682863577400
0.01702846418512869700
0.02077328455788462000
0.02054917110526783400
0.02419804086106478200
0.02736591261708503200
0.02719580160815847400
0.02944364371553506700
0.03062807182427024900
0.03059272308046850200
0.03043547967026524700
0.02909843380214354600
0.02920941766219017900
0.02670780181699715400
0.02341574771572842500
0.02360986327755422400
0.01981755904875358000
0.01591051075993513100
0.01608325550219165400
0.01246642795843294500
0.00933367782444029930
0.00939496072947907170
0.00704801067264454640
0.00539285712851406830
0.00531621721231807610
0.00439140217021252630
0.00388074849028384370
0.00371994869844804320
0.00338476987882245940
0.00288476045390700060
0.00274845084910413980
0.00171033675815852730
0.00000000000000000000
0.00000000000000000000
0.00280014454305278600
0.00605019454351140000
0.00590383473323578560
0.00946072401131951500
0.01292233192542389600
0.01274970605714621400
0.01574832785403549100
0.01802820197818621300
0.01794797124649536200
0.01916804959971354600
0.01937642042116982700
0.01944744468141539100
0.01854689288945208700
0.01687402455916178400
0.01706710249088900700
0.01484054681786451900
0.01250954546439927300
0.01272555488338984200
0.01071868049243138500
0.00935804068205670430
0.00948203141802821980
0.00918282775907353420
0.00996386970213267340
0.00992631873908783080
0.01196848778677456000
0.01496689340743701000
0.01478050622657386100
0.01857941692644180700
0.02269616446589428300
0.02244973644808518500
0.02646187136035964300
0.02994600923946734400
0.02975895591594614900
0.03223235585410005900
0.03353735483851658100
0.03349847955968374800
0.03332910725283583900
0.03186334019028081600
0.03198536482353315400
0.02923993742085383800
0.02562620933545201000
0.02583963672537079700
0.02167666877254134600
0.01738830696551423700
0.01757822485120994300
0.01360972624732886800
0.01017418245897219600
0.01024152662513610900
0.00767065909328506520
0.00586101867681354530
0.00577669462977109700
0.00477059833385695950
0.00422029365014441400
0.00404342460752198100
0.00368637385546968440
0.00314830246803544150
0.00299837362794917350
0.00186872975539174170
0.00000000000000000000
0.00000000000000000000
0.00279966014039156020
0.00604920486172018030
0.00590285543753427300
0.00945922137803334800
0.01292032097602059100
0.01274770944331442800
0.01574586762472771800
0.01802534438740232100
0.01794512055457636900
0.01916489616663544600
0.01937305504321646200
0.01944407374621076900
0.01854340937306485000
0.01687050064370403500
0.01706356302832941900
0.01483702198154005600
0.01250605434867974200
0.01272204644133532000
0.01071519059745702300
0.00935452901399724640
0.00947851011165043100
0.00917921116810127380
0.00996008411887205560
0.00992253689455240700
0.01196444916161865100
0.01496253636646089800
0.01477616519793338400
0.01857470928349733200
0.02269108239114123900
0.02244467527877002500
0.02645646326731454800
0.02994031688717938000
0.02975327945019903100
0.03222649817802341500
0.03353143207097050000
0.03349256025765757300
0.03332326496310911200
0.03185770230934116500
0.03197971684560949700
0.02923462066924006200
0.02562131647211615700
0.02583472584692656600
0.02167224862972291400
0.01738440876390996700
0.01757431014568006400
0.01360632772269961000
0.01017127537227809400
0.01023861273985038200
0.00766818324857167570
0.00585893377541787940
0.00577461511661228000
0.00476885690486961860
0.00421886317363159240
0.00404200669092931630
0.00368525900879696420
0.00314750941611402620
0.00299758858603705590
0.00186831471327575560
0.00000000000000000000
0.00000000000000000000
0.00303229050540180500
0.00655415876784550770
0.00639497180900009800
0.01025082581153404600
0.01400329740513510700
0.01381554375519389800
0.01706468778157253800
0.01953234203694279400
0.01944510157315369700
0.02076031603047912000
0.02097546682187696000
0.02105277002531103600
0.02006215581367328300
0.01823201243563660200
0.01844209204395600900
0.01601030782295703700
0.01346564268382948800
0.01370066643110146600
0.01150939706860124000
0.01002197227525545100
0.01015688857287881100
0.00982504060818022160
0.01066926658064938500
0.01062844225081747800
0.01284556727941281800
0.01610394344561930100
0.01590119900574176300
0.02003145976273564700
0.02450855439311061200
0.02424048619486467200
0.02860488683227428400
0.03239602643266778500
0.03219254151650038900
0.03488528881601787900
0.03630813020046937100
0.03626583349558548700
0.03608592120051635300
0.03449685029324044100
0.03462958006301349000
0.03164954114838763200
0.02772599310401757000
0.02795814443012217800
0.02343814805198561600
0.01878272069817709900
0.01898928383704823900
0.01468275276789308100
0.01095684292248118800
0.01103005014852593100
0.00824556143999655500
0.00628985314245727320
0.00619805658416867390
0.00511708072036360080
0.00453242500793276000
0.00433994905951262930
0.00396590873735856550
0.00339522843041237340
0.00323207012075807250
0.00201799980861827640
0.00000000000000000000
0.00000000000000000000
0.00325337388619424340
0.00703482174505894440
0.00686321010778667780
0.01100501953508212700
0.01503567082928565300
0.01483326100478756700
0.01832156856739820500
0.02096766773068973700
0.02087364150778914900
0.02227760667434421400
0.02249598718799998200
0.02257938892030558400
0.02149827083454909300
0.01951263424028514000
0.01973920900316295700
0.01710563102497117100
0.01435120339650614200
0.01460467349420348600
0.01223224606406408300
0.01061976123288912700
0.01076528027446423100
0.01039990576113651200
0.01130378736120313300
0.01125979719344861300
0.01364523346600763800
0.01715464253904284300
0.01693604436396856800
0.02138685185745939700
0.02621292022795723400
0.02592387391955998700
0.03062973415786709000
0.03471877092462288100
0.03449935583557041400
0.03740534302560145900
0.03894333753233104900
0.03889772262598667500
0.03870881946747361400
0.03700175248300204700
0.03714485791059809300
0.03393922840218888800
0.02971748587950400600
0.02996778399565855000
0.02510413153059826800
0.02009560960385514300
0.02031829974214413200
0.01568710528514481400
0.01168300502762592400
0.01176188075152420300
0.00877384933935846000
0.00668030354864413300
0.00658124241464154780
0.00543163212514872950
0.00481778506253268630
0.00461015729595938650
0.00422387270900136460
0.00362588915758023550
0.00344989105607853420
0.00215832363810645800
0.00000000000000000000
0.00000000000000000000
0.00325288373093589410
0.00703382437047893590
0.00686222244128864740
0.01100351086582418600
0.01503365787939220200
0.01483126118074578300
0.01831910865849528300
0.02096481139181057000
0.02087079130470391800
0.02227444958094703200
0.02249260874036157800
0.02257600510804301900
0.02149475864295819300
0.01950906124751231000
0.01973562151953142000
0.01710203406980223600
0.01434761508464683600
0.01460106918408727400
0.01222863667965988700
0.01061611002595757800
0.01076162028621674600
0.01039613660610008200
0.01129984183784670700
0.01125585531758868700
0.01364103525010353100
0.01715013254309677400
0.01693154939101837500
0.02138200240153311600
0.02620771128447774500
0.02591868454173665300
0.03062421328891819600
0.03471297945879366800
0.03449357931070480600
0.03739939451539946200
0.03893732814433337200
0.03889171668468356000
0.03870288821341604700
0.03699601822606803800
0.03713911448658228900
0.03393380418975985200
0.02971247163097942900
0.02996275309693822600
0.02509957779494444500
0.02009156701390981900
0.02031424166771360300
0.01568355817111406100
0.01167995044108663200
0.01175881941992507200
0.00877123518350956390
0.00667809602526065960
0.00657903926799175910
0.00542978888720434950
0.00481627772551660930
0.00460866099115089020
0.00422270496767065090
0.00362506647904981950
0.00344907549849425220
0.00215789584885020620
0.00000000000000000000
0.00000000000000000000
0.00346171968530589000
0.00748874692927963510
0.00730515169771972770
0.01171808269382231000
0.01601245668689176000
0.01579591175502813300
0.01951040614641372600
0.02232422540731887300
0.02222366100217547400
0.02370892758219868300
0.02392623642910002300
0.02401553729200018400
0.02284306453003263200
0.02070355606457473900
0.02094606639036948600
0.01811415871483991800
0.01515396586926801000
0.01542525523807629000
0.01287495182358263000
0.01113904002971865100
0.01129480618175238500
0.01089468044527695800
0.01185409543428934100
0.01180705983403584200
0.01435326954771241700
0.01810367108809671900
0.01786977749008966000
0.02262906234609309400
0.02779144023058834800
0.02748214937968759100
0.03251746873169047300
0.03689432102260430100
0.03665953154141184100
0.03977202979066338200
0.04142226774314153300
0.04137344979611772700
0.04117737440265399600
0.03935832852081878900
0.03951144570796393700
0.03609039370471148200
0.03158355022130277000
0.03185135643562456200
0.02665912054391553600
0.02131328520477325500
0.02155152758234879500
0.01661083215433942900
0.01234242790992641200
0.01242675408810514100
0.00924678843881337680
0.00702500552180652160
0.00691890586542745490
0.00570809624219113970
0.00507131508594050110
0.00484903377497748500
0.00445632006795578140
0.00383747394998661380
0.00364905719854312100
0.00228822395988266620
0.00000000000000000000
0.00000000000000000000
0.00365757164592732780
0.00791641777505614450
0.00772127782009209790
0.01239074508344942300
0.01693462649384699600
0.01670446044306697300
0.02063238654681112300
0.02360339080469490300
0.02349653204077365200
0.02505579390779494300
0.02526782809693509100
0.02536283138600926200
0.02409820166511835200
0.02180645511824970100
0.02206434941781795800
0.01903756052549354000
0.01587557440215595400
0.01616406501795308200
0.01343914978976172900
0.01158144632482452500
0.01174710907819216700
0.01131104688752274400
0.01232194962641525300
0.01227198716456345800
0.01497155392583883600
0.01895306025806794300
0.01870442130392394400
0.02376029191860722100
0.02924649736843059800
0.02891768475235686300
0.03427063183103353000
0.03892535639982839400
0.03867574017330719500
0.04198810785800702300
0.04374770957349397000
0.04369580213012937100
0.04349433264212126300
0.04156922220054202300
0.04173199268753054200
0.03810552137271302300
0.03332646115649826000
0.03361114622662666300
0.02810515911298482100
0.02243753777149426500
0.02269076608496371100
0.01745548394755373100
0.01293642838908393200
0.01302599016622638600
0.00966549390124925650
0.00732489396873479280
0.00721197862772628150
0.00594725156170259820
0.00529365362349827790
0.00505721073595868240
0.00466374498738533330
0.00403032908137760090
0.00382991488135438380
0.00240787521904761540
0.00000000000000000000
0.00000000000000000000
0.00365705981988166760
0.00791538095958634750
0.00772025043076488000
0.01238918383827168600
0.01693255167641823400
0.01670239792773639900
0.02062985725144843600
0.02360045941253695300
0.02349360602995292600
0.02505255462995231700
0.02526435969522413900
0.02535935738143455300
0.02409458871554908500
0.02180276850098614200
0.02206064867447573800
0.01903383485230354700
0.01587184054312907800
0.01616031584153675500
0.01343537819077981900
0.01157761613278652700
0.01174327065037315800
0.01130708444765636400
0.01231779818377463600
0.01226783945178605700
0.01496714042382382500
0.01894832807150407400
0.01869970374913228200
0.02375521556697060600
0.02924105874229290500
0.02891226513002136500
0.03426487864585666500
0.03891933057376301100
0.03866972898081418700
0.04198192162509598000
0.04374145868421245400
0.04368955491526993500
0.04348815514253470700
0.04156323680156230600
0.04172599883109119600
0.03809984246926989600
0.03332119019868466600
0.03360585942420906600
0.02810035110106728200
0.02243324713903391300
0.02268646035532444900
0.01745170147663319800
0.01293315638406187200
0.01302271104704102300
0.00966268608383482300
0.00732252126439705830
0.00720960924326335090
0.00594527400450982000
0.00529204488492822370
0.00505561178028048240
0.00466250634426697030
0.00402946431861191460
0.00382905661994095400
0.00240742829926637000
0.00000000000000000000
0.00000000000000000000
0.00383921819700477200
0.00831434017996219440
0.00810813060095307360
0.01301771896170743200
0.01779512138143210500
0.01755189378484550000
0.02167888021923756300
0.02479513941301352300
0.02468225119438944800
0.02630711792017428200
0.02650888675904136000
0.02660937715148429400
0.02525132253734382200
0.02280874031456182500
0.02308141696058088600
0.01986314189661786100
0.01650334431484220100
0.01680836300403262100
0.01391206334745574900
0.01193404069763081900
0.01210921936033121000
0.01163564110841832900
0.01269336070951025900
0.01264060268460231300
0.01548521006763044900
0.01968684359675469000
0.01942406133567870000
0.02476339047071562900
0.03055969054427253000
0.03021214660675154400
0.03586973780223978700
0.04079145177292884500
0.04052760817916549500
0.04403260707698671700
0.04589848273622924900
0.04584361142134262000
0.04563878702322877300
0.04361421307798819800
0.04378624691828645500
0.03996547184903866100
0.03492850861762582200
0.03522938587162698100
0.02942614526114356900
0.02345405197751501700
0.02372164633251057000
0.01820848157558871100
0.01345415683200356500
0.01354871573202914200
0.01002066832426447800
0.00757210957608487390
0.00745261606085653210
0.00614253175666807680
0.00547943065470516120
0.00522935625450220850
0.00484198574858435770
0.00420152027157497720
0.00398955791999339170
0.00251574654032635060
0.00000000000000000000
0.00000000000000000000
0.00400688857842343770
0.00868296873902541650
0.00846616280827479710
0.01359969019624476800
0.01859485467500808500
0.01833911896281713700
0.02265100494465451700
0.02590077256074174400
0.02578211641359767800
0.02746434135108110800
0.02765095943109503400
0.02775672374906331500
0.02630403829747789100
0.02371205309310780300
0.02399891721823033500
0.02059255607413101500
0.01703892413015184500
0.01735980544755999800
0.01429534869462871500
0.01219849469759270700
0.01238281295800260600
0.01187018437453869800
0.01297012506832520600
0.01291470117104204900
0.01589614427777554300
0.02030706371179784300
0.02003073305629592100
0.02564054921525324400
0.03173336857079281400
0.03136787443287207500
0.03731727049563898800
0.04249520720172709300
0.04221772861420115800
0.04590819099716040400
0.04787727060695571400
0.04781955969693780400
0.04761337731708812500
0.04549584378018242000
0.04567675578293316900
0.04167264069977089800
0.03639189698308564800
0.03670828794840170400
0.03062407234279975600
0.02436458919003678700
0.02464593699061939200
0.01887136517247387300
0.01389693564686465600
0.01399625591494502000
0.01031344234738261000
0.00776760783860995070
0.00764177088869609930
0.00629473585366523150
0.00562930118622441150
0.00536611999545818540
0.00499154801870376960
0.00435139955422074280
0.00412833862843325470
0.00261201514290109120
0.00000000000000000000
0.00000000000000000000
0.00400633804907589950
0.00868185740613808610
0.00846506083099079000
0.01359802492755330500
0.01859265290962104600
0.01833692850158368000
0.02264833232282179000
0.02589768926304662400
0.02577903727701274400
0.02746094522119658200
0.02764733480633007500
0.02775309289496271900
0.02630027007626121300
0.02370821357019778000
0.02399506381135982400
0.02058867794741955900
0.01703503562185074500
0.01735590240298960300
0.01429141743748188600
0.01219449476953389000
0.01237880549530028100
0.01186603932191207200
0.01296577291351508000
0.01291035289039451200
0.01589150963177242100
0.02030208657568116600
0.02002577009527795700
0.02563520259298016100
0.03172763398906383600
0.03136215818937730000
0.03731119555759695300
0.04248883663067353600
0.04221137236577491400
0.04590163913332263200
0.04787063852197854400
0.04781293169186643500
0.04760680800892291800
0.04548946268973756700
0.04567036725157957300
0.04166656984168126000
0.03638624471183435300
0.03670262089400755400
0.03061890253326705900
0.02435996218228272900
0.02464129526828007200
0.01886727937366573800
0.01389339726033394000
0.01399270969440523400
0.01031040876523480600
0.00776505119824433440
0.00763921597748686010
0.00629261441933026780
0.00562758714577378270
0.00536441415897096710
0.00499023649286670960
0.00435049123362827880
0.00412743624051036940
0.00261154755855545460
0.00000000000000000000
0.00000000000000000000
0.00415877051733920360
0.00901862426151722910
0.00879173137929231690
0.01413111775070113200
0.01932646001980458500
0.01905881412128707800
0.02353978052416368100
0.02690988033492848500
0.02678573703911489600
0.02851595884525243500
0.02868172240315779500
0.02879252707758473600
0.02724350551339373800
0.02450328004612533500
0.02480368573287129700
0.02121254052843579700
0.01746901181164468200
0.01780503507396187500
0.01457555822391528400
0.01236114327821598600
0.01255419518776563200
0.01200053311893522200
0.01313742236996336700
0.01307947580507921700
0.01618860173027677000
0.02079683277926630500
0.02050760144879318000
0.02637365874410830400
0.03274813648571790700
0.03236554185421245500
0.03859271994636687800
0.04401514441949416100
0.04372467610316058800
0.04759281163555652300
0.04966179211105208700
0.04960137933237793900
0.04939607907185564900
0.04719276551655025900
0.04738214021193424400
0.04320676094885549100
0.03769780150271526100
0.03802897070177153200
0.03168175417594032400
0.02515379829835966800
0.02544823246690998800
0.01943058800698671500
0.01425303559794311800
0.01435685562067957200
0.01053374212105668800
0.00790287137281722040
0.00777093745589996570
0.00639676239946968070
0.00573748787806350160
0.00546176001905736980
0.00510798281515361180
0.00447685819566558290
0.00424317480612613780
0.00269507098799213330
0.00000000000000000000
0.00000000000000000000
0.00429508561788346200
0.00932174393217255310
0.00908527186159718140
0.01461265923771961000
0.01999081267073472500
0.01971184866617474800
0.02434628114290721500
0.02782372037692668100
0.02769436723686429000
0.02946337462652640100
0.02960269836902868600
0.02971831168231144100
0.02807132929261690200
0.02518407961466004300
0.02549738739459577900
0.02172478996423611900
0.01779532167126627800
0.01814577369447349700
0.01475443498755590500
0.01242376061175920800
0.01262514449556190900
0.01202852016544038800
0.01319716125628567900
0.01313683363580227900
0.01636459411098403400
0.02115828441889689600
0.02085679310202913400
0.02696498185606276800
0.03360639185948409400
0.03320753726411968000
0.03969859553166380000
0.04535386786619225600
0.04505104820997766400
0.04908912000251780500
0.05125470751935287700
0.05119172931402354200
0.05098950508580125900
0.04870749750934599100
0.04890492415425303600
0.04457021426776448800
0.03884842713397271300
0.03919364716256861600
0.03260120162638781300
0.02582347542362556000
0.02613033598543217100
0.01988774022523260800
0.01452384021690192500
0.01463190091586607700
0.01068276528686397400
0.00797892232474761360
0.00784113511973455120
0.00644947101795854010
0.00580469534295896190
0.00551697592442400300
0.00519183168766432400
0.00457826978175037300
0.00433444038905663690
0.00276510085378719930
0.00000000000000000000
0.00000000000000000000
0.00429448904877931770
0.00932053780097586580
0.00908407098342568600
0.01461086190108035900
0.01998845788524288000
0.01970949729312209200
0.02434344065932594900
0.02782047813914969400
0.02769112387438312000
0.02945982767418910800
0.02959894867191223800
0.02971455695467343000
0.02806745897739635500
0.02518016416190074800
0.02549346523241085800
0.02172086158746361700
0.01779139661414811500
0.01814184309412846700
0.01475048327552253500
0.01241973532875119900
0.01262111725424283600
0.01202434715421809600
0.01319275820202785300
0.01313243327539146400
0.01635988389214563700
0.02115319607200253800
0.02085171136744925700
0.02695948093639601700
0.03360046237456636200
0.03320161603650949300
0.03969227426147189900
0.04534721354054278100
0.04504440087341114000
0.04908223842510012200
0.05124771882894899700
0.05118474394651374700
0.05098255213063705000
0.04870072222712004700
0.04889814754624990200
0.04456374986526107100
0.03884239063517149600
0.03918760539851898200
0.03259567685413696700
0.02581852261369451200
0.02612537597453976800
0.01988337861362916500
0.01452007002504672600
0.01462812406655467900
0.01067955569451314300
0.00797623807520579480
0.00783844682444422360
0.00644726628873263770
0.00580293707956901480
0.00551521710536298500
0.00519049612975684690
0.00457735637088460370
0.00433352809584925270
0.00276462697055584150
0.00000000000000000000
0.00000000000000000000
0.00441384893141238530
0.00958830378230756880
0.00934279631280305130
0.01503827456356567900
0.02057991658059957900
0.02029026752876648300
0.02506079628484067200
0.02863109139712062200
0.02849682037271910500
0.03029425595980095300
0.03040073636776388600
0.03052090411908273800
0.02877385183789446500
0.02574055347116733400
0.02606607439236694600
0.02211528520722680700
0.01800381435626992000
0.01836793042205440600
0.01481780032608652300
0.01237192786763943900
0.01258121547868461900
0.01193920514109692700
0.01313364613344283000
0.01307109290332063300
0.01640739197428202700
0.02137343070857892700
0.02106037034107301900
0.02739516958610074100
0.03428735544769757200
0.03387314641389265600
0.04061285792541118700
0.04648824355842350700
0.04617376185651367300
0.05037330294816905200
0.05263189806500804400
0.05256650567177294900
0.05236975355255313300
0.05001681741509060600
0.05022185928898696700
0.04574090597535374800
0.03982320474087500800
0.04018169598687887400
0.03336360781728776200
0.02635679519294574500
0.02667536979815976100
0.02022797434370939000
0.01469649862868625800
0.01480851260212231700
0.01074950139958294800
0.00798648404526997900
0.00784309292132046730
0.00644516332846484240
0.00582469873479060560
0.00552557249668382890
0.00523832250135023400
0.00465231894045969090
0.00439884432705080210
0.00282038937421068450
0.00000000000000000000
0.00000000000000000000
0.00451529614963297990
0.00981875223997138650
0.00956474022476397520
0.01540863144833613100
0.02109467008047093500
0.02079494669207131500
0.02568442173499244800
0.02933329847303127500
0.02919438972657453800
0.03101006214300807600
0.03107744318908612500
0.03120191916905342900
0.02935278363389818400
0.02617448929391761100
0.02651155886243875300
0.02238588284845664800
0.01809638031362072200
0.01847342361093905200
0.01476760860369059600
0.01220763527192460400
0.01242441438137095700
0.01173466284830339300
0.01294902627469278000
0.01288439764960302600
0.01631925515296868400
0.02144465041260981700
0.02112068705562173200
0.02766671709088906700
0.03479365569353562400
0.03436496500904693400
0.04133822085751209800
0.04742108091448395800
0.04709560174140366200
0.05144818825622377700
0.05379620169137103900
0.05372854143755276300
0.05353959687612507000
0.05112340241539552900
0.05133563930620416200
0.04672137378336861000
0.04062448922832365100
0.04099550062723235400
0.03397114521616435800
0.02675570496754325600
0.02708530645436456300
0.02045304707325963300
0.01477254811783977600
0.01488823668328253700
0.01073530814967227400
0.00792672502800594040
0.00777796820535328270
0.00638483271555534240
0.00579832102860621670
0.00548835104852129440
0.00524808089085295960
0.00469944259557738070
0.00443681244058054340
0.00286114097085158870
0.00000000000000000000
0.00000000000000000000
0.00451467795473002590
0.00981751641657797530
0.00956349626232411670
0.01540682575690970900
0.02109236731923660700
0.02079262633025896400
0.02568169144753175100
0.02933026142760320600
0.02919133873751462300
0.03100679128239190700
0.03107405508860126100
0.03119852975869655600
0.02934933593168095200
0.02617104497707028300
0.02650812604120002900
0.02238246685738609300
0.01809297773532092900
0.01847003769817891600
0.01476420288890635900
0.01220414527132582100
0.01242093594206613100
0.01173103724276384300
0.01294516012372854000
0.01288053111094483600
0.01631508555133150100
0.02144010270417653900
0.02111612732211685200
0.02766174897489471300
0.03478826403689312700
0.03435955678702815700
0.04133241193859535400
0.04741493319678376900
0.04708944272146491800
0.05144176768712396100
0.05378964372678542900
0.05372198437916918300
0.05353301557523520300
0.05111694366204529900
0.05132919365094754800
0.04671516956818160700
0.04061864960975430900
0.04098967892898187200
0.03396578315662757800
0.02675086926200120900
0.02708048253266329500
0.02044880214992086600
0.01476888565017072400
0.01488457153426545100
0.01073223278624049900
0.00792419873016081930
0.00777542451799126830
0.00638281119999947920
0.00579677060752885850
0.00548677779267147700
0.00524693748594788620
0.00469870034136662080
0.00443605677543344300
0.00286075490156869300
0.00000000000000000000
0.00000000000000000000
0.00459933380501442290
0.01001317923488765200
0.00975113879647247250
0.01572419882504143600
0.02153607719131516600
0.02122681441416764800
0.02621859330244414800
0.02993213821233434500
0.02978882418855798700
0.03161261035858856100
0.03163439953497577900
0.03176294846117765800
0.02980910525432941400
0.02648598372272075600
0.02683400150674327900
0.02253563523148755700
0.01807089444243172000
0.01846020880072067600
0.01460070707489452000
0.01192681077367414900
0.01215072062546269400
0.01141029132421741300
0.01263847301690047700
0.01257191227650609200
0.01609555182298945700
0.02136784995163267000
0.02103358740559234000
0.02777630134268063000
0.03512294042900900000
0.03468055675025899500
0.04187322251824381800
0.04815176456862960100
0.04781589208807648900
0.05231366257083911600
0.05474774888038985700
0.05467796336539813100
0.05449899484836154300
0.05202671683985891900
0.05224578358377993800
0.04751033608694485400
0.04125004691782188600
0.04163291056300935000
0.03442068691794092400
0.02701621712630298400
0.02735622220439282200
0.02055845012503078300
0.01474721577131094000
0.01486630682440259900
0.01063557653434718700
0.00779553287318709470
0.00764159169025422500
0.00626512619688739030
0.00572317876336303490
0.00540283920761319960
0.00521962114913416660
0.00471900480244973750
0.00444764024633460560
0.00288718572121201590
0.00000000000000000000
0.00000000000000000000
0.00466833252668433580
0.01017674845913450400
0.00990711391656559640
0.01599310421241266100
0.02191523980644747100
0.02159692664273183200
0.02667704813892576200
0.03044349384004095900
0.03029598245269185900
0.03211921622746265200
0.03208959535735481800
0.03222199145823414400
0.03016075550184196100
0.02669229441178553100
0.02705069717736062800
0.02258076306055038100
0.01794237515606549400
0.01834334810907471000
0.01433111300915234300
0.01154285898432978400
0.01177356467480366500
0.01097952957629238700
0.01221619221114036500
0.01214783591782978700
0.01575199340895271100
0.02116092080514697700
0.02081692600819557900
0.02774440905548015300
0.03529852129591644300
0.03484318444003629800
0.04224382850129009700
0.04870852656462429400
0.04836282861999173500
0.05299949233892184400
0.05551696677090600700
0.05544519300058273900
0.05527804243239486900
0.05275553112613179400
0.05298109016524591600
0.04813440672535772300
0.04172363979407302200
0.04211773386890089300
0.03473279825741085200
0.02715555272849085400
0.02750537822808987700
0.02055826661720423800
0.01463180455671748600
0.01475403875641818000
0.01045935813907450600
0.00760026281480383120
0.00744129737883156200
0.00609215969185253510
0.00560449768811029010
0.00527421983260062660
0.00515732574141586010
0.00471441825116282640
0.00443470128631411050
0.00290051842892996830
0.00000000000000000000
0.00000000000000000000
0.00466753560560367530
0.01017521373371740000
0.00990558610762142830
0.01599094267867565100
0.02191256606672571300
0.02159424939168664800
0.02667400561610277700
0.03044022938365692500
0.03029270580651246400
0.03211585549126056600
0.03208626969769129400
0.03221864993530410000
0.03015753566163518300
0.02668925215333276000
0.02704764016699156400
0.02257789270187149400
0.01793966536577547600
0.01834062846679836200
0.01432848394441146500
0.01154022357798301100
0.01177092682971312000
0.01097676385919129800
0.01221317111565771800
0.01214482047920124000
0.01574859926787840900
0.02115704528650132900
0.02081306263045999000
0.02773999286806832400
0.03529352253664753300
0.03483820068004780300
0.04223827803129472100
0.04870247265406274500
0.04835678810011451200
0.05299305355971752100
0.05551026979274335800
0.05543850403710638000
0.05527125829025918800
0.05274882407760325000
0.05297438378408637900
0.04812794799480527000
0.04171758027729188100
0.04211166766398986200
0.03472726163065940900
0.02715063674553951800
0.02750044964342622900
0.02055402063492696100
0.01462825773785581000
0.01475047592353679600
0.01045648465033600800
0.00759803238460710160
0.00743905130720297520
0.00609049163026400410
0.00560332696205231330
0.00527303898576046960
0.00515655082497600440
0.00471396898143196150
0.00443425193412425640
0.00290031574787665260
0.00000000000000000000
0.00000000000000000000
0.00472026114317992010
0.01030546753981054400
0.01002865219035166900
0.01620960587641411000
0.02222493282917357300
0.02189800428567768900
0.02705132351160664500
0.03085803943763908800
0.03070649053734376300
0.03251989438732734400
0.03243271440055883700
0.03256872014982997000
0.03039721185048540500
0.02678284868179314400
0.02715110139048313600
0.02251067242883640300
0.01770014435963570800
0.01811221026587587700
0.01394799903038347600
0.01104456973021850400
0.01128177114584180900
0.01043065099032422000
0.01166965726553985700
0.01159964357875008800
0.01527510361750257500
0.02080924426071595300
0.02045605261286455700
0.02755518345266522200
0.03530330369780785400
0.03483570919633291500
0.04243173003763448700
0.04907205974056386100
0.04871707562475901400
0.05348554863365354000
0.05608327417054274200
0.05600965613213759700
0.05585602041196851400
0.05328939718655200500
0.05352115223933989800
0.04857379636406509300
0.04202647174668192000
0.04243122675622967200
0.03489004251860098500
0.02715782535297590200
0.02751691808714936900
0.02043840965655745200
0.01441406976872178600
0.01453917139796557700
0.01019631973100940300
0.00733243481654500400
0.00716854460870593440
0.00585919287918349170
0.00543718665448820160
0.00509732840782286920
0.00505752580799973240
0.00468337352651816260
0.00439564535136616540
0.00289998065457274970
0.00000000000000000000
0.00000000000000000000
0.00475514719768981710
0.01039945299803103100
0.01011588360847661500
0.01637394716186909100
0.02246554580634564300
0.02213045475417347800
0.02734200346934618400
0.03117654598506037400
0.03102112545991584500
0.03281564012260129700
0.03266496246312881900
0.03280432720244822600
0.03051989818647857600
0.02675928438401529600
0.02713682361814618100
0.02232718562022406600
0.01734621772305123100
0.01776878043487923800
0.01345351515197790000
0.01043423982360418300
0.01067761970750711500
0.00976603150884590780
0.01100132416743708800
0.01092979695441630000
0.01466736774939771800
0.02031531395600138400
0.01995348756355970100
0.02721111061333066100
0.03513972428886569200
0.03466060286259636800
0.04243933421249060400
0.04924469111965289200
0.04888098699565860500
0.05377411731232281000
0.05644887403965252000
0.05637356185495349900
0.05623508131648778000
0.05363039808044630500
0.05386803656247181300
0.04883052407657261000
0.04216050525783880700
0.04257532255868507600
0.03489429913896054800
0.02702485675106089700
0.02739263696137846100
0.02020059675336120400
0.01409565043913249900
0.01422333260755173300
0.00984797479340679400
0.00699344327284087860
0.00682473549031104280
0.00556746796377563440
0.00522230980086734520
0.00487324797939454360
0.00492109033883095840
0.00462648736270168240
0.00433110264355168840
0.00288592170095955830
0.00000000000000000000
0.00000000000000000000
0.00475385363743043540
0.01039698797828630600
0.01011344284657741600
0.01637051372980003300
0.02246134517065863700
0.02212626538799149600
0.02733732407456122100
0.03117164728028763700
0.03101621418020773400
0.03281079861793079900
0.03266042575872316700
0.03279975376166294900
0.03051583530558894100
0.02675584907470660700
0.02713333737593781900
0.02232436816674079200
0.01734401733009644300
0.01776653354842609700
0.01345173390171247600
0.01043271564137087700
0.01067607353477837400
0.00976444984461605210
0.01099942260360994900
0.01092790929003681200
0.01466484619809746300
0.02031191927649986600
0.01995013857510074700
0.02720669100503950900
0.03513414781166751500
0.03465508525752780000
0.04243267096882463000
0.04923699356345944500
0.04887333699798382400
0.05376565577946338500
0.05643987092468803100
0.05636457633034441100
0.05622590204832946700
0.05362135142515269500
0.05385897318960693900
0.04882193407014145900
0.04215265543592646600
0.04256743237055599100
0.03488736809169211400
0.02701901420716508800
0.02738674894735252500
0.02019584496787088200
0.01409201341682449600
0.01421966134173085900
0.00984531855720464230
0.00699167159997473100
0.00682294845004952080
0.00556638560409789510
0.00522175793040775910
0.00487269875047901310
0.00492088385348130560
0.00462646600972696670
0.00433109514795770170
0.00288596511612237330
0.00000000000000000000
0.00000000000000000000
0.00477000124210398040
0.01045300583240343600
0.01016314533187147000
0.01647817106246007200
0.02262731031422937600
0.02228450876223001300
0.02753807868513320400
0.03138729554129490700
0.03122812591497815100
0.03299450371016236100
0.03277461431265128700
0.03291701736456220700
0.03051755391578676200
0.02661104591216157500
0.02699723389870251800
0.02202039149388835100
0.01687128525620872800
0.01730369281087519600
0.01283862107064072900
0.00970280118295071410
0.00995202341921340790
0.00897609846881428260
0.01020068747800964200
0.01012781633763295600
0.01391691461887912100
0.01966551222524486400
0.01929567597462322100
0.02669662221556945400
0.03479009724304445200
0.03430025828368554700
0.04224696766184896100
0.04920489495614574500
0.04883310479764255800
0.05384226565503234100
0.05658983911888068600
0.05651301818006127700
0.05639093170634862400
0.05375444084338221900
0.05399764396585186900
0.04888132104006395100
0.04210384993382967900
0.04252808806711654700
0.03472550693170413400
0.02673881228965004400
0.02711463485738931100
0.01982940200297842600
0.01366369190239646200
0.01379359756330139300
0.00940394448168080200
0.00657531222717160430
0.00640183771754682710
0.00521110478418129830
0.00495583821456181250
0.00459792384397647930
0.00474544754727938230
0.00454233715326480500
0.00423966010826621560
0.00285775057649447940
0.00000000000000000000
0.00000000000000000000
0.00476466903311525620
0.01046585609958147800
0.01017017533322782200
0.01652193386540899000
0.02270985337086840700
0.02235980315873525900
0.02763922452031742200
0.03149007406634774000
0.03132727980825581600
0.03305647478458219300
0.03276193536131952200
0.03290704459676004100
0.03039078994271821700
0.02633914591866606100
0.02673332184679024600
0.02159170953739461600
0.01627718309021751100
0.01671875848500447400
0.01210549276875090900
0.00885271755331030860
0.00910743155229665720
0.00806346857861424920
0.00927041658754916910
0.00919637541647193130
0.01302633059212881400
0.01886223368158059000
0.01848503426428464400
0.02601384558917783200
0.03425621181044277700
0.03375649357239703100
0.04185609829556985500
0.04895381359747802400
0.04857459315157020700
0.05369090504540409400
0.05650690789277012400
0.05642876802361559300
0.05632425663334664900
0.05366224296107976300
0.05391067810864625500
0.04872701904339669200
0.04185752001728961600
0.04229051399542507700
0.03438486881545979600
0.02630110192130217700
0.02668430113722855200
0.01932637788430224100
0.01311985410732126000
0.01325161766168336800
0.00886590021240718160
0.00607965743832575200
0.00590147138004376310
0.00479158027092416780
0.00463903952596676160
0.00427263443842787560
0.00453160858345430000
0.00443162320245001330
0.00412202487913034770
0.00281583868178738850
0.00000000000000000000
0.00000000000000000000
0.00476249109640533230
0.01046169561844123400
0.01016606418222197600
0.01651612338935161100
0.02270273290649289400
0.02235271845133254500
0.02763132810912920200
0.03148188441361419300
0.03131908103847434000
0.03304857195642788000
0.03275482918110702400
0.03289987049210450100
0.03038488866042867600
0.02633480476992077600
0.02672886903880744600
0.02158895967436668500
0.01627605977498076600
0.01671752383947568100
0.01210558494897564200
0.00885369182247369890
0.00910834738305678870
0.00806461671563002070
0.00927115605213613830
0.00919714135575888140
0.01302596223964973800
0.01886017458765165000
0.01848307876696017200
0.02600972786305881500
0.03424971596341072600
0.03375013292975823100
0.04184736463125614300
0.04894293636700296200
0.04856382197407748500
0.05367847543867390600
0.05649339710839963000
0.05641528882711783300
0.05631044637977428900
0.05364877864471270800
0.05389716331299853500
0.04871454401046917300
0.04184658958604618000
0.04227948270286291400
0.03437575530960017300
0.02629407519517269100
0.02667717403304318100
0.01932130630013721000
0.01311667960881106100
0.01324838356151777100
0.00886423768148586480
0.00607922296511704750
0.00590102799903353520
0.00479194913321828640
0.00463986189799571020
0.00427348162409000190
0.00453256780582423240
0.00443242805930998960
0.00412286241647985730
0.00281632692518736340
0.00000000000000000000
0.00000000000000000000
0.00473414921651783140
0.01042851606693032800
0.01012757982630238400
0.01649209478040126700
0.02269719877585090600
0.02234039849676115000
0.02762777141017594800
0.03146653460853096600
0.03130018181927268100
0.03298357315685485800
0.03261024590867946800
0.03275758235886305800
0.03012482690689167300
0.02593125965141660300
0.02633256812430840100
0.02103119164410742100
0.01555631015373151700
0.01600620265044367500
0.01124810814233740900
0.00787892308530158990
0.00813869802208732310
0.00702284650843199370
0.00820400098121935350
0.00812901790503522610
0.01198676931825837900
0.01789334982267715800
0.01750960677916664500
0.02514680419740974300
0.03351774580668437400
0.03300920863020698900
0.04124231560749000400
0.04846313165276211500
0.04807731687965257500
0.05328881563769134000
0.05616677082478956800
0.05608757074721668100
0.05600101575526352700
0.05332017774988871000
0.05357345323780408200
0.04833562364813635800
0.04139222162216028200
0.04183315750169172600
0.03384648702362286200
0.02568988840877932400
0.02607962602934890700
0.01867379582247295400
0.01245064594663631300
0.01258376468402066400
0.00822411045931753860
0.00550016750706574290
0.00531725512111970440
0.00430524655714616990
0.00427031113115967490
0.00389578004467257960
0.00427924817807295420
0.00429463464995080180
0.00397854004307165300
0.00276056617415034940
0.00000000000000000000
0.00000000000000000000
0.00467812812384104870
0.01034038789160550100
0.01003477298885121500
0.01638781276154523100
0.02258831678444502000
0.02222528364948033600
0.02750261905549628000
0.03131561799309891300
0.03114578190007907800
0.03277496371828147300
0.03231909176737582400
0.03246816206036039900
0.02971976128859743100
0.02538817257526939200
0.02579571989840571600
0.02034036222757290900
0.01471096825870295300
0.01516828191872762200
0.01026941924510540300
0.00678491637901857110
0.00704929370985703850
0.00585801377264207750
0.00700529145461993570
0.00692960078856891780
0.01080187258440257200
0.01676206513114975400
0.01637263639343345500
0.02409810824722588200
0.03257658024450168400
0.03206033581303777800
0.04040681074005614300
0.04773337087483613800
0.04734183571552865600
0.05263605817425876700
0.05556918563388216200
0.05548918974917920600
0.05542092659822691500
0.05272813011965935000
0.05298582658561671500
0.04770736569373624400
0.04070867952785578400
0.04115669964986711600
0.03311158929347578200
0.02490692145893133900
0.02530232451666020200
0.01787378238843091700
0.01165846812926045000
0.01179243009961615900
0.00748105036248593660
0.00483923857708427970
0.00465159885329376010
0.00375427453215910770
0.00385147343688131350
0.00346920129287211270
0.00398978385662186740
0.00413232323799235440
0.00381016702848449010
0.00269242258970394740
0.00000000000000000000
0.00000000000000000000
0.00467452945981219720
0.01033344471501494500
0.01002792324770970100
0.01637797723364031000
0.02257609029242632600
0.02221315756446283100
0.02748892313615248400
0.03130130550004554100
0.03113149168247381400
0.03276123311357812700
0.03230698112378698600
0.03245593537429421200
0.02971024455573422600
0.02538206572266463200
0.02578937800238844500
0.02033785945338399300
0.01471223300548756200
0.01516929422984169900
0.01027363802099976400
0.00679142908550585920
0.00705566451568787660
0.00586529114462211890
0.00701208478461331180
0.00693644288456911430
0.01080662921329826400
0.01676350155861472100
0.01637429755774824600
0.02409539047234929300
0.03256899112522108200
0.03205304305978197400
0.04039464279728759200
0.04771681615444817900
0.04732550850714258700
0.05261639876978112300
0.05554743270900109500
0.05546749174407435800
0.05539874394567587100
0.05270687513493503600
0.05296444030235172900
0.04768832465259876400
0.04069294913332177600
0.04114073284083378400
0.03309956331787344100
0.02489900922719076200
0.02529419803723681100
0.01786946942030256900
0.01165743549948787000
0.01179130217370513900
0.00748231973853649870
0.00484208059759297460
0.00465447343975537200
0.00375782377009202400
0.00385501746826725140
0.00347283482489369910
0.00399288034036658200
0.00413452464625491900
0.00381243425342407640
0.00269362298619683790
0.00000000000000000000
0.00000000000000000000
0.00458800193161382560
0.01018512710694935400
0.00987560008185904390
0.01618644552813065800
0.02235570708070158700
0.02198706945996332200
0.02723354609202701200
0.03100630015232170100
0.03083299272216826300
0.03240098888477284400
0.03186210734235828100
0.03201214820448463500
0.02915397268650275400
0.02469429644842150600
0.02510676963029696800
0.01950970855297177700
0.01373779811169061100
0.01420122555337516300
0.00917063884244532880
0.00557519567596136830
0.00584350363956803380
0.00457408755572183850
0.00567782429196947350
0.00560176252404480810
0.00947097633936869530
0.01546132524535678700
0.01506745719258697900
0.02285293384743257800
0.03140891948068916300
0.03088658534768092000
0.03931733329372442300
0.04672416914562029600
0.04632818545329179400
0.05168635966215740600
0.05466372118925178600
0.05458331604586046800
0.05453232033441706600
0.05183560644011746300
0.05209712297836174800
0.04679535146459312700
0.03976569710650074800
0.04021957473998763500
0.03214574787835430800
0.02392560195520228300
0.02432542404148011300
0.01690715824295421100
0.01073141517335575400
0.01086547114995218100
0.00663071563967328890
0.00409575246196417030
0.00390331870727348570
0.00314080618752403570
0.00338657329717429160
0.00299700943172149850
0.00366779230884904880
0.00394855099102222990
0.00362089279586843460
0.00261373587103578720
0.00000000000000000000
0.00000000000000000000
0.00446331829239331010
0.00996181366589174960
0.00964916033885732800
0.01588657865239762400
0.02199747345541027900
0.02162390818658026900
0.02681831714159697800
0.03053615973190649700
0.03035943127463362400
0.03185940511989504600
0.03123753428392937700
0.03138776649427491700
0.02842659198545727900
0.02384996913055278300
0.02426597910600753600
0.01854094183627731000
0.01264000835850481600
0.01310814534025925500
0.00795624978090181920
0.00425533601713685120
0.00452684115545901650
0.00317720444244352220
0.00422787147643272420
0.00415178543124844130
0.00799991486457920020
0.01399606167366888200
0.01359907977639270700
0.02141498934856817700
0.03001697872637667000
0.02949027916689799700
0.03797470023631585600
0.04543500413825176500
0.04503592179707687600
0.05043831043841447800
0.05344842857636224900
0.05336800927920690200
0.05333326979741298500
0.05064114602731561300
0.05090581845703768400
0.04559895370076554700
0.03856378222292186600
0.03902219418396331300
0.03095059071614243000
0.02274868563190648300
0.02315160894520497700
0.01577745161286916300
0.00967353014392300860
0.00980692466571566130
0.00567722031003000530
0.00327355894418760200
0.00307631377572978920
0.00246817713446478240
0.00287822315402447250
0.00248187024630214120
0.00331518558420293300
0.00374450253845102880
0.00341191674709108960
0.00252508116126554320
0.00000000000000000000
0.00000000000000000000
0.00445780525816771680
0.00995089683447239300
0.00963841823468417420
0.01587053730321673000
0.02197679856517446500
0.02160351871272524900
0.02679446363249685800
0.03051052722862370600
0.03033394713237792800
0.03183449897969242700
0.03121546657126013400
0.03136551296664022400
0.02840967738814561100
0.02384007760496404900
0.02425559495522265300
0.01853875679756729300
0.01264607086514028600
0.01311364664369619500
0.00796898258776383880
0.00427346715005006910
0.00454464231300764130
0.00319750143167386830
0.00424771743259271930
0.00417172024091336420
0.00801595600762330940
0.01400554804712605300
0.01360904476804562400
0.02141610034113825700
0.03000816340105356300
0.02948210039518531900
0.03795657942952609900
0.04540798535709477500
0.04500938411416401800
0.05040514527668493000
0.05341127555275607100
0.05333095110468573400
0.05329564707294960600
0.05060590065298752000
0.05087025488845127500
0.04556867130911283100
0.03854064227500877300
0.03899851412900463100
0.03093511186693039000
0.02274144866315144800
0.02314391317586473800
0.01577694266695465000
0.00967871542857908980
0.00981196885996156630
0.00568571203318586800
0.00328357351759606120
0.00308651625117414710
0.00247797617802582520
0.00288640747412829270
0.00249034357181486270
0.00332142946813200830
0.00374834114323661100
0.00341588557400709450
0.00252697799138095880
0.00000000000000000000
0.00000000000000000000
0.00428942528790932000
0.00964247023016769410
0.00932782314951072920
0.01544915393807842200
0.02146578339200129800
0.02108826845046499200
0.02620401773781314400
0.02985061492741689800
0.02967053891471742700
0.03109837601695303000
0.03040017988774553600
0.03054936957626162500
0.02750258086015530700
0.02283328831145501500
0.02325056534583418800
0.01742592368141054200
0.01142375495105433700
0.01189425450066809500
0.00664358372198149870
0.00285130087441909070
0.00312474090769244640
0.00169616857597842340
0.00268233771937681580
0.00260676172373330940
0.00640782405948134640
0.01237278234584217000
0.01197486199190434700
0.01977499944395099500
0.02837298153876884700
0.02784476051154458100
0.03633372962070489900
0.04380400210277390900
0.04340403116290581600
0.04881817473855937200
0.05184151587268122400
0.05176168828333865800
0.05174020092737152700
0.04906451165529381000
0.04933118836343509300
0.04404613843723454600
0.03704325977249386900
0.03750400487444808400
0.02948034351730033400
0.02134590408131374600
0.02174981616457592100
0.01446808728564659800
0.00848084802472377600
0.00861245542425898530
0.00462569612108415780
0.00238427041499073620
0.00218225255649007060
0.00175125965914130190
0.00234184530365204920
0.00193944646742740240
0.00294588078958500820
0.00353054663918929420
0.00319384100438180630
0.00243222830549853470
0.00000000000000000000
0.00000000000000000000
0.00406605165263441550
0.00922629906890399740
0.00891082349105087880
0.01487244992075785800
0.02075773353953080900
0.02037739115235693100
0.02538663660630471200
0.02894468896791635100
0.02876147012284740000
0.03011275438298277600
0.02934536090936182600
0.02949226288702523300
0.02637870770440048400
0.02164322095674465300
0.02205933337985713900
0.01616627988344569700
0.01009366775392772600
0.01056396998387364000
0.00523986124273701380
0.00137257508329683060
0.00164655080056607120
0.00014163576695678398
0.00105218432466602720
0.00097767099217034321
0.00470477635361232940
0.01059971041805742600
0.01020319239182851700
0.01793867499566984000
0.02647957339894264200
0.02595289931876954000
0.03439421603189496400
0.04182824731676561300
0.04142976129216880500
0.04682129554166351800
0.04983733490254964300
0.04975871940244662500
0.04974766957102984300
0.04710141083166176400
0.04736879838520804300
0.04213453159278936200
0.03520429876664328600
0.03566495939012250700
0.02773763408671160000
0.01972230640433849900
0.02012493623481597200
0.01298567236699421100
0.00716089192719925570
0.00728959204829156700
0.00348352732706047000
0.00143434775396317650
0.00122775518407066790
0.00099511448290774207
0.00178073763325481630
0.00137319979717755470
0.00256179565493355400
0.00330743507565603880
0.00296744321845632440
0.00233538597302629470
0.00000000000000000000
0.00000000000000000000
0.00405921259738269410
0.00921157241197103140
0.00889646371424935790
0.01484855222175951500
0.02072421292629297200
0.02034470902360474900
0.02534560677553781400
0.02889824487595684200
0.02871556155192188400
0.03006630778522739100
0.02930325889527133100
0.02944986991262938200
0.02634635551894353600
0.02162485409247148100
0.02203993561262016300
0.01616381790635509600
0.01010861434562179200
0.01057770123574386200
0.00526918777855968270
0.00141387022872323890
0.00168711364150836490
0.00018821353289402926
0.00109867474684488020
0.00102432291633340260
0.00474413735211778180
0.01062620425550994200
0.01023068099132094100
0.01794845783708516600
0.02646939631834186600
0.02594405356343861700
0.03436538080535168200
0.04178161918381277700
0.04138412921460389600
0.04676265088670468500
0.04977119942212964600
0.04969274919523714700
0.04968135741770847400
0.04704081384060804200
0.04730747843047156100
0.04208483620974669300
0.03516983329250651000
0.03562930001593760100
0.02771900165861544300
0.01972026366898900800
0.02012190766385841400
0.01299633852580529100
0.00718147008670641170
0.00730996123067591610
0.00350833925826970860
0.00145912971675433380
0.00125318586930639660
0.00101621438243237900
0.00179536060291770570
0.00138874160490843100
0.00257063957964704090
0.00331074897595713590
0.00297107249769779570
0.00233628888460390510
0.00000000000000000000
0.00000000000000000000
0.00376965247934762070
0.00866772760985988490
0.00835315360580240860
0.01409130882049722900
0.01979139928093475600
0.01941021645148071500
0.02427305611438959600
0.02771963784297849100
0.02753397191328796700
0.02880736207464069900
0.02798942350937091300
0.02813209088759448300
0.02499152420326327500
0.02024356157452855700
0.02065420072939105900
0.01475561948847619500
0.00867517789326599680
0.00914056656826527790
0.00379624534362127480
-0.00010887259269828161
0.00016296660955478567
-0.00140609314292000960
-0.00058405307705902687
-0.00065660785164443859
0.00295459315175545770
0.00871533838528595370
0.00832441453142471720
0.01591214653984342900
0.02430452646239240200
0.02378492985553197800
0.03208796569956756000
0.03940513445538512700
0.03901236623480854700
0.04432126841395418700
0.04729398742374317500
0.04721756863849671500
0.04721183900766953000
0.04461702409999088200
0.04488259970771833800
0.03974827056527795200
0.03295837495161498000
0.03341446032490905100
0.02566325590845977600
0.01785025348576982400
0.01824759423419433300
0.01132838059758982900
0.00573378298113656070
0.00585794537896671200
0.00228389662461732410
0.00046346089179976333
0.00025313432581595648
0.00023964843996155907
0.00122989528466609120
0.00081894354680701854
0.00219134536276248920
0.00309457101932831930
0.00275247348148250630
0.00224477266878898810
0.00000000000000000000
0.00000000000000000000
0.00340168208364783570
0.00796836336009288870
0.00765651755683128490
0.01310558961562387900
0.01856354027950660500
0.01818397104957915300
0.02285675281722640200
0.02616562867281385000
0.02597859486099584100
0.02717101443939951700
0.02632123874556955400
0.02645771445750511000
0.02333230866729983600
0.01862972624971834600
0.01903022870449942400
0.01319458528613323000
0.00717499635380672730
0.00763030074212242210
0.00232471112981894050
-0.00157640864296457880
-0.00130966649887853170
-0.00292795222403701220
-0.00220662134684969020
-0.00227628704900808150
0.00117528078935444200
0.00673397631744529920
0.00635317512377757670
0.01370468362417917400
0.02185095411143050600
0.02134442324521771900
0.02941238817581528400
0.03652667606944776800
0.03614419246963599500
0.04130670943933626600
0.04419825173815139500
0.04412504294387109600
0.04412012114900665200
0.04160136214826885800
0.04186230483744958500
0.03688155502891561600
0.03030516540998569000
0.03075171774359069000
0.02326215608166044800
0.01573983016024271100
0.01612751304146880000
0.00950948099849367730
0.00421446807877887480
0.00433247157838944320
0.00104089203451855760
-0.00051706642559103805
-0.00072983518126502661
-0.00050776805903053049
0.00069196075944821355
0.00027986895609809003
0.00183395018723392890
0.00288927445564468630
0.00254635519044361280
0.00215826215494627520
0.00000000000000000000
0.00000000000000000000
0.00339884165193367680
0.00795623693173468440
0.00764549039942814030
0.01307657517751119000
0.01851302892297817400
0.01813591381578621300
0.02278823426175354300
0.02608203220917010600
0.02589646491467178000
0.02708424113830891100
0.02624026652189421700
0.02637625084735866600
0.02326902546702908100
0.01859330665213209900
0.01899172417261101400
0.01318958573133674100
0.00720500963841673270
0.00765783756914655950
0.00238406162301897780
-0.00149221143578520200
-0.00122697516449896930
-0.00283213701229283840
-0.00210979876461609610
-0.00217917615955047450
0.00125904035868757480
0.00679323221365898520
0.00641438833186500860
0.01373172228189029400
0.02183930914806885000
0.02133540817902071200
0.02936464637474769200
0.03644462920861566600
0.03606410220644908800
0.04120189705689124300
0.04407977957312291000
0.04400685839269982000
0.04400254268731407200
0.04149641260730689600
0.04175585119479702200
0.03679935350988795100
0.03025409002708079300
0.03069817727763049900
0.02324283731894293700
0.01575315417341643200
0.01613879232139739400
0.00954667527075810270
0.00426891525830955420
0.00438654086618978960
0.00109985587610428360
-0.00046333748233278263
-0.00067438353108042830
-0.00046753716335492840
0.00071266777134227288
0.00030340880378212096
0.00183861993597077210
0.00288100596379147530
0.00253928515913429040
0.00215025088546051590
0.00000000000000000000
0.00000000000000000000
0.00293056314146468560
0.00706433952063142710
0.00675783708839534750
0.01181652970315274900
0.01694015273612616700
0.01656752443693087400
0.02097506879017862000
0.02409932763745312900
0.02391423466476097800
0.02502059924451263700
0.02417485618297052600
0.02430211037395495900
0.02127401229567947200
0.01673044634396514400
0.01711200374990960700
0.01147555428237288400
0.00565529066628597460
0.00609040419070194790
0.00094512575301169575
-0.00286198144314862850
-0.00260628432448836230
-0.00423456606717246410
-0.00362625763042459010
-0.00369145958269652670
-0.00047232205179016429
0.00476504538656856350
0.00440292911535233950
0.01135885763537324200
0.01908150311848319900
0.01859942888984259300
0.02625548683971388300
0.03300963053331798500
0.03264603490817898800
0.03754639196280679800
0.04028899427140342200
0.04022066273333673600
0.04021084646264658200
0.03781577642775855300
0.03806630678347978200
0.03333945382444999200
0.02711072171713385700
0.02753792387766419700
0.02046352114115425700
0.01338626605174088700
0.01375595824427683000
0.00757436702426636690
0.00268720307015164530
0.00279671483783070030
-0.00014510353923952965
-0.00140754668347306130
-0.00161873351682319930
-0.00116160755749910310
0.00022813871068629211
-0.00017976036151100462
0.00153063202477007780
0.00271311615452418230
0.00237099012967492260
0.00208543557130488930
0.00000000000000000000
0.00000000000000000000
0.00236529760348149540
0.00596788010095903720
0.00566991845654145260
0.01023239254161679500
0.01492051436821639200
0.01456169225648248200
0.01861841006388252300
0.02150197397933354200
0.02132301914077375600
0.02233322452624000900
0.02152646233092539400
0.02164138021973165800
0.01879685293442680600
0.01453364540186404000
0.01488672762764803300
0.00959629952470798970
0.00412541761462094200
0.00452936735947781240
-0.00032309295548113722
-0.00393724762691597800
-0.00369908048514080120
-0.00529286388167960010
-0.00480848120638802810
-0.00486758046615407260
-0.00195690217748057920
0.00283300754262075020
0.00249875756818735560
0.00888975015054632720
0.01599979299551313300
0.01555440758931857100
0.02261026288160738000
0.02883700332526277200
0.02850151531296396900
0.03301709221184231900
0.03553975884118299600
0.03547802912356095400
0.03545901684520321600
0.03324049875620675000
0.03347428631830804600
0.02911050640742964700
0.02337437904216863400
0.02377152219616769000
0.01727716227165591500
0.01080958644263767400
0.01115219740554392400
0.00554945834514314170
0.00118170160907493310
0.00128028961023662990
-0.00124662340972415600
-0.00218714372740144450
-0.00239171637097783120
-0.00171134749332286000
-0.00016371005956161558
-0.00056021973570585305
0.00127015013988099050
0.00254942226599800050
0.00221046188789954850
0.00201465774529749650
0.00000000000000000000
0.00000000000000000000
0.00238674977465196810
0.00598105208538207700
0.00568810813132715740
0.01021300395731103400
0.01485198219685974900
0.01449945974599223600
0.01851065577739657200
0.02135963311106392500
0.02118356485465503600
0.02218023169412882900
0.02138047973333077900
0.02149451907621842100
0.01868060182787912400
0.01446491752600540300
0.01481436017302240400
0.00958416649616890100
0.00417691256126476350
0.00457658042649863090
-0.00021756729462470961
-0.00378578843928767830
-0.00355022690829787490
-0.00511889974998417510
-0.00463136181312606350
-0.00469000354292237450
-0.00180182741741864200
0.00294529987193057390
0.00261434662937629240
0.00894526132700480120
0.01598703419030744400
0.01554608772826366600
0.02253362080653631400
0.02870012274608592700
0.02836792859919593300
0.03284045396416683500
0.03534023249092123300
0.03527895433569810300
0.03526259013031746200
0.03306854066087587500
0.03329971355148687200
0.02898108003032721200
0.02330231459985588500
0.02369516625203040000
0.01726329796679821800
0.01085461889393977100
0.01119359467577849300
0.00563678836151134280
0.00129782582423719530
0.00139561606297103670
-0.00112645725420592150
-0.00208279866056464020
-0.00228410586516203820
-0.00164099088921202340
-0.00014084399161028838
-0.00052982975650242364
0.00125033191090736250
0.00249544329282918970
0.00216294610673700530
0.00197111280011190350
0.00000000000000000000
0.00000000000000000000
0.00169087861528893330
0.00463467356026400510
0.00434973314244433470
0.00823981828150188200
0.01230111000893070000
0.01197429192581223400
0.01550397998697191300
0.01802184271286004500
0.01786033518706168700
0.01874110145758828300
0.01803037843521692800
0.01812775728807259800
0.01562983844834126700
0.01188302193928731700
0.01218873624399088200
0.00753532360226478230
0.00271498748993054870
0.00306566558909229270
-0.00122384464351605570
-0.00443812922882970160
-0.00423075869500531400
-0.00568821833703046530
-0.00533324131318609060
-0.00538333943310112700
-0.00291391899952171600
0.00119778657577195760
0.00090932001734536584
0.00641949191536321780
0.01256207917324145600
0.01217736205214793600
0.01827867201403319700
0.02366369803545541300
0.02337426730897940900
0.02727695050602987500
0.02945066974958043100
0.02939851608462858800
0.02936980014721744800
0.02743599476040565300
0.02763992013151778800
0.02385389911758721200
0.01889003958498154300
0.01923529968980606700
0.01363355994405119700
0.00808059126868437490
0.00837779486775937910
0.00360660238397845150
-0.00005801896634736331
0.00002558729121260000
-0.00200414656960297160
-0.00262360890521215560
-0.00280817878859754420
-0.00198816458118371680
-0.00040368401555591156
-0.00076846657867778645
0.00106542934407338670
0.00236255328327892540
0.00202947719168806520
0.00191837164449967230
0.00000000000000000000
0.00000000000000000000
0.00094367837658335487
0.00311187971041542840
0.00284867068002389290
0.00587253208592653300
0.00908778772400890830
0.00881565847816268360
0.01161875162777130200
0.01362762243611938100
0.01349591497477652300
0.01420457702347864600
0.01364527883847491000
0.01371960393305864500
0.01173759391642919600
0.00875547163310610300
0.00899398394779627950
0.00528510055136681680
0.00143461813717443190
0.00170887966061823020
-0.00173043012226339970
-0.00432403979218791680
-0.00416136041859772100
-0.00537221581486991680
-0.00514982692322468390
-0.00518795737818327110
-0.00329713131481565490
-0.00010466857717553012
-0.00032873504338891706
0.00396982164181665460
0.00877287636773135640
0.00847375834171034890
0.01324897029098013500
0.01746310087339687100
0.01723837495208882500
0.02028982534638346800
0.02198113610495774200
0.02194159587848673600
0.02190507673551622700
0.02037272045877766200
0.02053302378719629200
0.01755346550383137300
0.01365876536807451900
0.01392925022691904700
0.00955093973876998920
0.00523401477997204740
0.00546647120886643940
0.00179165903316106320
-0.00098026689271380071
-0.00091614451877045457
-0.00236898458037214720
-0.00267929815051595270
-0.00282945765066807370
-0.00197488770018765460
-0.00050261364002507456
-0.00080971486960152513
0.00087596980546742614
0.00208863885681860250
0.00176994759374013560
0.00175105860120142350
0.00000000000000000000
0.00000000000000000000
0.00104643610173624920
0.00316812734049226390
0.00293357010183339320
0.00588254296657152180
0.00901293537512863970
0.00874813919949392680
0.01147993471385772400
0.01343645131138117600
0.01330709800087287100
0.01399282704371714600
0.01344157383970690500
0.01351503019733161900
0.01157269998866438900
0.00865527010808996200
0.00889067364790941010
0.00526351476364679200
0.00150006653701815370
0.00177072968078025310
-0.00158824992340339320
-0.00411891830028505040
-0.00395842640967082520
-0.00513336972328936980
-0.00490619234075689950
-0.00494397286889269260
-0.00308172571068866370
0.00005337706221095601
-0.00016799892750147529
0.00405070762665368620
0.00876230027678611380
0.00846681224218738190
0.01315051467528655300
0.01728464790366965000
0.01706260876551582400
0.02005645251330532100
0.02171882748794545800
0.02167962881880158500
0.02164742702356895300
0.02015037797317916300
0.02030847840187397600
0.01739111346728782600
0.01357581861035578000
0.01384267814941734200
0.00955028198172447330
0.00531370815856455330
0.00554301157739416160
0.00193122540659230670
-0.00080307523214311885
-0.00073987313164310424
-0.00218723162185350620
-0.00252364624238965050
-0.00267135264901198400
-0.00187341417394053920
-0.00047745047848334521
-0.00077577346185169144
0.00081681848683470078
0.00194759613935372300
0.00166860806338405060
0.00159944246541887140
0.00000000000000000000
0.00000000000000000000
0.00031682538017334622
0.00154941800546849660
0.00135938369107218320
0.00310719197813425810
0.00498093241437153320
0.00482033706356700500
0.00645330239998291760
0.00762595369602707490
0.00754964798151484210
0.00796757834216193370
0.00764509038225295690
0.00768659098526429040
0.00653724734950994390
0.00480197334206517580
0.00493681854322496580
0.00277703544795188800
0.00053073207142669107
0.00068600409144582947
-0.00132623736018375440
-0.00285011194548260170
-0.00275783125123113360
-0.00348496109947814180
-0.00338095767815046590
-0.00340214582919396570
-0.00233499959023398050
-0.00051175671268504101
-0.00063801238554258872
0.00182484085557945160
0.00458214036295288670
0.00441348599733579810
0.00715669141089918940
0.00957680216806626810
0.00945020815073526620
0.01120205972480325600
0.01216818239231091900
0.01214626928228036300
0.01211916376498379400
0.01122919245565435300
0.01132024585213014200
0.00960085235693334920
0.00735782946930682670
0.00751113526364639500
0.00499726472424269140
0.00252906480519125760
0.00266071311229652400
0.00057393490837989399
-0.00097668332855352499
-0.00094070224994108863
-0.00171739028163191790
-0.00181850935470550270
-0.00190525015946946240
-0.00132107810630302260
-0.00036973514872696569
-0.00055201966583868752
0.00053800052380261029
0.00134724479440564870
0.00110867880292683340
0.00119375280646865740
0.00000000000000000000
0.00000000000000000000
0.00000000000000000000
0.00000000000000000000
0.00000000000000000000
0.00000000000000000000
0.00000000000000000000
0.00000000000000000000
0.00000000000000000000
0.00000000000000000000
0.00000000000000000000
0.00000000000000000000
0.00000000000000000000
0.00000000000000000000
0.00000000000000000000
0.00000000000000000000
0.00000000000000000000
0.00000000000000000000
0.00000000000000000000
0.00000000000000000000
0.00000000000000000000
0.00000000000000000000
0.00000000000000000000
0.00000000000000000000
0.00000000000000000000
0.00000000000000000000
0.00000000000000000000
0.00000000000000000000
0.00000000000000000000
0.00000000000000000000
0.00000000000000000000
0.00000000000000000000
0.00000000000000000000
0.00000000000000000000
0.00000000000000000000
0.00000000000000000000
0.00000000000000000000
0.00000000000000000000
0.00000000000000000000
0.00000000000000000000
0.00000000000000000000
0.00000000000000000000
0.00000000000000000000
0.00000000000000000000
0.00000000000000000000
0.00000000000000000000
0.00000000000000000000
0.00000000000000000000
0.00000000000000000000
0.00000000000000000000
0.00000000000000000000
0.00000000000000000000
0.00000000000000000000
0.00000000000000000000
0.00000000000000000000
0.00000000000000000000
0.00000000000000000000
0.00000000000000000000
0.00000000000000000000
0.00000000000000000000
0.00000000000000000000
