0
0 1 2 12 13 14 24 25 26 
-1 1 -1 4 
0
3 4 5 15 16 17 27 28 29 
0 2 -1 5 
0
6 7 8 18 19 20 30 31 32 
1 3 -1 6 
0
9 10 11 21 22 23 33 34 35 
2 -1 -1 7 
0
36 37 38 48 49 50 60 61 62 
-1 5 0 8 
0
39 40 41 51 52 53 63 64 65 
4 6 1 9 
0
42 43 44 54 55 56 66 67 68 
5 7 2 10 
0
45 46 47 57 58 59 69 70 71 
6 -1 3 11 
1
72 73 74 84 85 86 96 97 98 
-1 9 4 12 
1
75 76 77 87 88 89 99 100 101 
8 10 5 13 
1
78 79 80 90 91 92 102 103 104 
9 11 6 14 
1
81 82 83 93 94 95 105 106 107 
10 -1 7 15 
1
108 109 110 120 121 122 132 133 134 
-1 13 8 -1 
1
111 112 113 123 124 125 135 136 137 
12 14 9 -1 
1
114 115 116 126 127 128 138 139 140 
13 15 10 -1 
1
117 118 119 129 130 131 141 142 143 
14 -1 11 -1 
