1.43338922392492660000
2.25000000000012880000
1.43338922392498520000
1.56661077607504740000
0.75000000000001021000
1.56661077607505830000
1.43338922392493950000
2.25000000000012660000
1.43338922392497170000
1.56661077607504830000
0.75000000000003342000
1.56661077607505430000
1.43338922392503080000
2.25000000000005950000
1.43338922392460070000
1.56661077607497350000
0.75000000000003797000
1.56661077607487780000
1.43338922392494220000
2.25000000000006170000
1.43338922392468990000
1.56661077607494700000
0.75000000000003797000
1.56661077607490330000
1.43338922392500590000
2.24999999999955150000
1.43338922392506360000
1.56661077607507070000
0.74999999999984279000
1.56661077607508030000
1.43338922392501880000
2.24999999999954080000
1.43338922392505210000
1.56661077607507630000
0.74999999999982914000
1.56661077607508000000
1.43338922392492660000
2.25000000000012880000
1.43338922392498520000
1.56661077607504740000
0.75000000000001021000
1.56661077607505830000
1.43338922392493950000
2.25000000000012660000
1.43338922392497170000
1.56661077607504830000
0.75000000000003342000
1.56661077607505430000
1.43338922392503080000
2.25000000000005950000
1.43338922392460070000
1.56661077607497350000
0.75000000000003797000
1.56661077607487780000
1.43338922392494220000
2.25000000000006170000
1.43338922392468990000
1.56661077607494700000
0.75000000000003797000
1.56661077607490330000
1.43338922392500590000
2.24999999999955150000
1.43338922392506360000
1.56661077607507070000
0.74999999999984279000
1.56661077607508030000
1.43338922392501880000
2.24999999999954080000
1.43338922392505210000
1.56661077607507630000
0.74999999999982914000
1.56661077607508000000
0.47779640797501055000
0.74999999999981615000
0.47779640797501066000
0.52220359202501865000
0.24999999999996106000
0.52220359202501843000
0.47779640797500988000
0.74999999999982103000
0.47779640797501016000
0.52220359202501931000
0.24999999999995887000
0.52220359202501965000
0.47779640797479606000
0.75000000000140976000
0.47779640797479550000
0.52220359202497380000
0.25000000000031164000
0.52220359202497457000
0.47779640797480116000
0.75000000000138378000
0.47779640797479656000
0.52220359202497768000
0.25000000000031153000
0.52220359202497080000
0.47779640797501244000
0.74999999999980393000
0.47779640797501266000
0.52220359202501931000
0.24999999999995615000
0.52220359202501898000
0.47779640797501255000
0.74999999999980627000
0.47779640797501238000
0.52220359202501909000
0.24999999999995848000
0.52220359202501943000
0.47779640797501055000
0.74999999999981615000
0.47779640797501066000
0.52220359202501865000
0.24999999999996106000
0.52220359202501843000
0.47779640797500988000
0.74999999999982103000
0.47779640797501016000
0.52220359202501931000
0.24999999999995887000
0.52220359202501965000
0.47779640797479606000
0.75000000000140976000
0.47779640797479550000
0.52220359202497380000
0.25000000000031164000
0.52220359202497457000
0.47779640797480116000
0.75000000000138378000
0.47779640797479656000
0.52220359202497768000
0.25000000000031153000
0.52220359202497080000
0.47779640797501244000
0.74999999999980393000
0.47779640797501266000
0.52220359202501931000
0.24999999999995615000
0.52220359202501898000
0.47779640797501255000
0.74999999999980627000
0.47779640797501238000
0.52220359202501909000
0.24999999999995848000
0.52220359202501943000
